GenomicLocation	Liver	Lungs	Colon	Small intestines	Pancreas	Adrenal glands	Esophagus	Adipose tissues	Heart	Brain	T-cells	B-cells	Neutrophils	Placenta
chr5:50694985-50695485	8.3	5.7	5.5	4.2	2.2	2.3	11.9	28.5	1.4	3.3	8.9	7.6	4.2	7.2
chr1:10713839-10714339	96.0	94.6	91.8	93.3	95.5	67.1	94.5	95.3	88.0	94.1	89.8	96.4	92.6	89.4
chr1:155054156-155054656	1.8	3.0	0.7	2.4	3.4	24.5	2.3	3.9	3.8	10.3	2.1	1.6	3.0	1.6
chr1:2336051-2336551	90.6	89.4	88.2	84.9	85.2	46.1	75.8	89.7	81.8	88.1	93.3	90.6	91.2	25.9
chr1:24116483-24116983	81.5	84.2	89.3	83.9	82.4	33.3	78.4	85.7	76.1	79.5	84.6	84.5	81.9	66.1
chr1:35442738-35443238	92.5	92.8	97.3	94.8	92.9	67.9	87.9	97.8	90.1	88.0	96.9	95.9	94.6	81.4
chr10:105361785-105362285	91.9	92.9	92.7	92.5	86.5	66.9	86.8	96.4	93.3	89.3	91.7	87.0	92.7	84.8
chr10:135096517-135097017	95.6	93.4	93.8	93.8	90.8	55.4	91.2	94.2	93.4	83.0	92.0	93.4	91.9	91.6
chr10:13699063-13699563	95.0	93.9	95.5	91.4	92.0	69.8	90.7	94.4	89.2	92.1	95.5	93.7	95.0	85.9
chr10:466429-466929	92.6	96.3	97.0	95.0	88.0	59.8	95.4	94.9	91.1	82.4	93.7	92.4	94.3	92.0
chr11:70259280-70259780	95.9	92.9	95.2	93.3	92.4	61.6	93.7	93.9	93.4	83.8	92.2	93.2	94.6	93.2
chr12:49484102-49484602	10.2	9.3	5.6	6.6	5.3	47.5	10.4	11.7	8.7	4.9	4.0	6.7	2.9	6.0
chr14:21536583-21537083	18.2	2.1	5.2	3.2	0.7	38.7	4.4	1.9	4.4	1.8	5.8	1.4	0.8	3.4
chr16:2635635-2636135	95.1	95.0	91.7	88.8	83.0	38.2	89.8	97.2	86.0	84.8	93.0	95.2	94.2	91.7
chr16:56677121-56677621	3.8	9.8	1.9	5.3	3.2	45.2	11.2	8.7	7.8	14.1	5.7	6.3	6.6	4.7
chr16:56701864-56702364	3.7	6.1	2.0	3.2	3.9	29.9	6.7	5.2	5.1	13.3	9.3	3.6	1.9	6.7
chr16:701598-702098	95.4	94.6	91.2	93.2	89.7	48.9	83.3	88.0	90.8	89.3	87.7	93.7	93.4	88.8
chr17:1011845-1012345	4.3	1.9	0.6	1.2	1.6	28.8	1.1	3.1	0.9	7.5	0.6	0.8	0.0	2.8
chr17:48613879-48614379	96.2	95.2	94.5	94.1	81.1	60.3	94.0	94.5	96.0	95.6	91.7	98.7	96.0	90.6
chr17:60729646-60730146	1.7	4.3	1.5	3.8	7.5	38.7	3.6	11.9	8.3	4.2	2.4	0.4	1.3	12.3
chr17:71897971-71898471	7.2	1.3	0.6	1.5	1.3	39.7	2.9	2.7	1.8	13.3	3.5	0.9	1.3	2.7
chr17:79480736-79481236	2.8	0.5	0.4	0.8	2.7	32.5	0.7	0.5	0.3	1.8	0.1	0.9	0.6	0.7
chr18:45662815-45663315	0.6	1.6	0.9	1.8	0.8	22.4	1.0	0.0	0.5	0.9	1.2	2.6	1.6	0.1
chr19:11215905-11216405	94.1	92.1	89.3	90.4	87.0	56.1	89.1	93.2	92.4	90.6	92.6	92.0	93.9	83.6
chr19:2478611-2479111	0.0	0.8	0.5	0.8	2.8	31.7	0.3	0.4	6.9	13.4	0.2	0.0	0.0	4.2
chr19:2809725-2810225	93.9	92.9	93.3	94.1	87.6	69.5	90.7	90.6	93.3	91.0	94.7	93.6	92.3	86.2
chr19:30215233-30215733	10.3	1.9	1.8	2.0	3.5	31.0	2.6	2.7	3.3	0.5	2.3	9.1	2.6	36.5
chr19:3381526-3382026	94.9	91.5	94.5	93.2	80.3	48.8	88.4	92.9	91.3	88.4	94.5	95.8	94.6	77.4
chr19:39694598-39695098	16.2	9.2	11.1	10.7	9.4	45.1	11.6	20.4	5.5	12.1	14.6	17.5	9.6	40.5
chr19:4446012-4446512	95.4	93.3	92.8	92.0	92.0	45.7	90.7	95.2	91.1	87.9	91.8	90.1	92.6	89.0
chr19:46215462-46215962	93.4	92.8	93.2	92.5	90.6	41.3	89.4	89.1	87.2	85.4	94.2	97.2	93.5	87.4
chr19:4934239-4934739	95.0	96.3	94.4	95.4	90.2	71.0	93.7	94.7	94.2	94.3	88.6	92.7	91.0	92.6
chr19:7997535-7998035	92.1	93.2	91.3	88.6	87.2	58.4	88.2	90.1	91.8	92.2	93.1	89.3	94.8	84.9
chr2:177054458-177054958	14.8	3.5	14.8	8.5	8.4	51.8	14.4	9.2	18.7	6.0	4.9	10.8	0.0	29.7
chr2:7571072-7571572	8.2	4.8	9.6	4.6	16.9	49.1	11.3	6.1	5.3	8.0	3.1	4.6	1.4	2.2
chr21:46270897-46271397	89.3	89.9	81.4	80.6	85.5	48.0	90.1	88.0	80.1	88.9	84.6	87.8	86.2	92.2
chr22:36718451-36718951	92.7	86.5	92.2	89.5	88.6	52.7	85.8	87.2	84.8	87.5	92.1	92.8	92.2	85.1
chr22:50248236-50248736	2.0	1.3	0.7	1.6	1.9	21.4	2.4	2.1	5.5	1.1	1.8	3.2	0.0	10.3
chr3:129346168-129346668	0.8	1.6	0.7	1.1	1.8	44.0	1.2	0.4	1.6	3.1	4.5	3.2	1.0	7.7
chr3:183905887-183906387	93.1	91.7	93.6	90.2	83.7	41.9	88.3	90.5	86.1	82.6	94.0	90.5	93.2	91.5
chr3:8809962-8810462	5.1	2.6	6.5	4.5	3.4	25.4	2.8	8.5	10.6	5.3	4.0	0.5	6.1	9.1
chr4:101111647-101112147	8.7	1.7	2.9	0.6	1.9	27.6	3.4	1.9	1.1	3.4	4.5	7.8	1.5	0.6
chr4:15780999-15781499	0.2	0.7	0.3	0.5	0.5	26.4	2.0	0.0	0.9	0.5	5.2	0.0	0.0	1.7
chr4:189203715-189204215	7.3	10.0	8.2	6.1	5.5	34.7	10.2	3.3	3.2	7.1	7.8	15.5	4.5	23.4
chr4:7053818-7054318	93.9	90.7	94.3	93.7	90.3	50.2	94.6	91.0	87.1	89.4	93.5	89.3	80.3	90.7
chr5:171211-171711	80.9	89.1	83.2	86.0	75.2	44.9	88.3	82.6	84.3	89.4	85.1	85.0	91.0	87.4
chr5:172198983-172199483	0.3	1.4	0.5	1.2	4.2	21.9	1.2	3.8	5.6	4.5	0.1	0.0	0.3	0.7
chr6:166267510-166268010	17.5	8.7	17.6	11.3	8.9	54.5	10.5	9.9	16.5	18.7	7.3	13.1	5.2	28.0
chr6:41773455-41773955	96.2	93.9	95.1	93.6	83.4	63.7	92.5	93.2	91.6	92.5	93.4	96.5	92.8	85.8
chr6:42109905-42110405	6.9	2.5	0.8	2.7	0.8	26.1	2.3	2.2	2.9	4.3	4.1	1.4	1.7	1.5
chr7:100091181-100091681	8.0	4.7	1.2	3.2	4.8	44.1	2.5	0.7	3.8	1.6	1.0	2.2	1.1	9.9
chr7:100419796-100420296	93.6	94.4	96.5	95.0	95.7	69.7	94.7	97.2	93.5	94.2	92.5	95.7	97.0	70.3
chr7:1026522-1027022	85.0	87.8	90.4	86.4	82.3	63.2	88.3	91.3	88.9	81.7	88.1	90.4	92.4	31.3
chr7:19158467-19158967	9.9	7.1	16.8	9.0	7.6	65.3	21.1	27.1	15.8	8.9	4.4	7.3	3.4	22.8
chr7:8476640-8477140	2.7	3.2	9.4	4.8	1.4	42.7	5.1	3.1	1.1	2.0	3.5	1.7	4.7	1.1
chr8:144993771-144994271	98.0	96.9	97.3	96.4	95.8	60.0	96.7	98.2	97.3	96.0	94.9	91.4	96.2	89.7
chr8:22960385-22960885	10.5	2.2	2.4	1.9	11.1	32.4	2.0	3.3	2.8	5.2	1.4	4.2	0.5	2.7
chr9:130271238-130271738	89.5	91.8	91.1	90.0	89.2	72.3	87.1	90.3	89.5	93.6	89.3	86.4	94.8	80.6
chr9:135039714-135040214	18.4	12.9	16.5	9.3	8.2	53.8	16.1	11.9	11.3	27.5	17.8	11.1	14.9	8.6
chr9:34590114-34590614	3.7	4.0	3.7	4.7	7.5	29.2	4.6	1.6	8.1	4.4	3.6	0.0	0.0	5.1
chr9:38067184-38067684	1.4	2.0	1.1	2.9	2.3	28.2	3.9	3.8	4.6	0.8	4.6	3.2	2.9	1.5
chr1:10533178-10533678	94.3	90.0	92.1	85.8	85.9	86.7	85.6	81.4	91.3	88.8	92.2	49.7	92.3	83.8
chr1:1114575-1115075	87.4	93.8	93.4	86.8	91.7	79.5	82.9	79.2	84.9	83.2	87.8	24.5	91.7	69.9
chr1:1549954-1550454	4.7	4.7	3.0	7.9	2.6	4.0	7.3	7.3	5.5	2.2	7.9	24.5	0.9	1.0
chr1:16300903-16301403	90.2	87.1	88.2	79.7	86.5	90.6	83.2	92.1	86.8	74.8	77.9	38.5	94.2	87.6
chr1:178512863-178513363	78.0	95.6	88.0	86.0	90.3	91.6	90.9	92.8	95.6	92.0	90.3	24.8	89.8	91.7
chr1:210502634-210503134	2.8	6.8	2.6	4.9	5.8	7.4	4.5	4.3	3.8	5.5	3.9	28.7	5.2	0.7
chr1:32859271-32859771	5.1	11.7	7.8	7.3	7.2	9.7	9.4	15.0	9.7	4.5	12.8	31.9	11.4	5.8
chr1:3826220-3826720	84.5	81.8	88.0	77.9	65.5	82.1	81.4	86.9	83.0	86.7	81.8	21.0	93.1	28.9
chr1:46048591-46049091	68.3	62.2	65.8	57.9	53.1	64.0	56.4	65.6	59.7	58.5	68.1	25.9	63.3	44.0
chr1:91190598-91191098	16.2	8.5	3.7	4.8	5.6	4.6	8.4	4.4	3.4	6.2	11.9	35.8	7.8	32.6
chr1:9190504-9191004	92.2	88.2	84.2	82.6	89.6	93.7	86.8	89.0	89.9	89.9	84.4	25.8	91.8	78.8
chr10:12085737-12086237	82.9	88.6	84.5	84.2	87.7	86.6	88.7	85.7	88.7	90.9	78.4	53.1	80.6	78.8
chr10:48370606-48371106	92.1	94.2	93.7	92.4	91.9	91.0	88.9	92.7	92.2	85.6	89.7	55.6	95.2	90.0
chr10:6262648-6263148	97.3	97.6	96.9	93.4	96.2	94.5	95.0	97.1	96.6	92.9	91.5	63.9	94.3	91.9
chr12:109250206-109250706	1.8	3.8	3.5	12.6	1.8	2.3	3.1	6.0	1.1	2.1	9.6	43.6	8.1	7.2
chr12:111128612-111129112	94.7	90.8	91.5	89.9	93.5	91.7	93.5	96.0	97.1	95.7	90.1	50.7	89.3	83.6
chr12:129280257-129280757	92.7	74.8	89.5	81.9	91.3	87.5	84.9	83.3	93.8	78.7	79.2	12.5	82.4	80.7
chr12:133349164-133349664	93.6	84.7	90.6	87.6	87.5	80.7	86.8	88.8	88.2	87.1	89.5	21.7	94.3	83.4
chr13:111164785-111165285	86.6	86.3	79.8	81.5	82.7	82.0	76.4	81.1	84.2	84.8	72.9	46.2	81.0	83.7
chr13:111329167-111329667	86.8	90.1	92.9	85.3	74.1	83.9	88.4	89.3	93.0	78.3	82.0	22.0	90.7	94.0
chr14:103373838-103374338	96.0	97.6	94.2	93.8	92.1	96.0	94.1	92.2	95.5	94.5	90.8	43.7	94.0	94.0
chr14:106321751-106322251	80.8	85.3	78.3	87.2	72.6	84.9	84.6	88.9	85.5	85.9	86.1	33.0	87.4	51.3
chr15:43938867-43939367	93.7	92.8	91.0	88.2	93.0	92.2	93.9	91.3	91.2	93.4	89.7	46.8	83.3	95.2
chr16:3011017-3011517	78.6	81.6	82.4	85.5	73.9	81.4	82.4	78.8	85.2	82.2	78.0	48.5	73.6	59.5
chr16:4701720-4702220	93.6	87.2	95.4	93.5	96.3	92.9	93.4	92.3	94.6	94.2	94.6	41.3	92.1	95.0
chr16:4802410-4802910	96.7	96.1	96.8	95.5	95.0	96.9	96.4	94.2	96.4	92.4	94.9	47.4	91.1	91.8
chr16:6533520-6534020	7.8	3.3	2.5	6.1	2.0	1.9	7.3	5.5	2.5	2.8	13.6	34.0	4.3	13.7
chr16:84690433-84690933	96.8	96.1	97.1	93.2	94.7	95.2	94.2	95.7	96.1	93.3	83.0	60.5	95.9	93.7
chr16:87511360-87511860	91.5	94.0	95.1	66.9	95.6	87.4	90.8	90.2	91.7	83.0	92.6	25.6	88.9	91.1
chr16:88765111-88765611	96.6	97.4	96.1	91.9	94.2	93.3	96.0	96.7	95.3	93.8	91.7	42.7	95.2	93.2
chr17:78819941-78820441	97.0	92.9	90.1	88.3	75.2	94.4	89.5	90.5	93.2	85.9	89.3	48.3	91.3	91.8
chr17:78894937-78895437	94.9	94.5	97.0	94.4	95.2	90.2	92.0	96.8	97.4	90.5	85.5	61.3	93.8	89.2
chr17:79851705-79852205	93.9	95.3	91.0	89.6	92.5	88.7	89.5	94.7	91.6	89.8	93.0	54.3	95.9	92.3
chr17:80557308-80557808	89.3	94.6	93.5	87.1	92.0	94.0	89.4	93.9	82.3	86.3	91.1	62.2	88.8	83.5
chr17:80829471-80829971	92.3	90.2	92.7	87.4	89.0	94.7	89.7	84.2	73.5	89.3	93.2	46.0	85.1	89.1
chr17:80872788-80873288	92.1	95.0	95.7	93.6	89.0	94.0	94.8	94.5	89.2	93.1	92.1	67.5	92.1	91.0
chr17:80922219-80922719	88.0	90.2	93.1	90.2	83.0	92.3	91.0	91.7	94.3	91.4	93.2	33.3	89.8	78.5
chr18:20138985-20139485	2.2	5.6	1.9	5.6	0.5	1.6	6.7	4.0	1.7	3.4	12.7	29.8	5.3	1.0
chr18:74832040-74832540	95.9	96.8	94.0	93.1	95.2	91.6	95.5	96.0	93.2	87.8	90.1	72.6	91.6	59.6
chr18:77134751-77135251	93.2	88.7	91.0	89.2	90.6	89.7	89.2	92.1	94.4	91.4	86.1	31.3	90.8	94.7
chr18:77226274-77226774	92.2	94.2	81.4	87.7	83.6	92.1	91.4	93.8	92.3	92.5	91.9	45.3	90.7	61.8
chr18:77256183-77256683	95.6	94.3	94.8	90.2	93.3	89.4	94.1	97.5	94.0	90.8	92.8	39.1	95.8	56.8
chr19:1036106-1036606	94.0	94.1	91.5	91.1	93.2	87.8	94.2	95.5	90.0	90.2	92.1	70.6	87.1	88.3
chr19:1264355-1264855	94.0	93.8	86.5	88.6	92.5	87.6	82.4	89.4	92.1	88.2	91.2	39.2	89.5	90.3
chr19:15444262-15444762	89.4	78.8	88.0	84.9	81.1	80.4	84.8	87.6	86.4	78.7	82.2	33.6	76.9	38.3
chr19:2224194-2224694	93.4	91.4	91.2	87.4	83.5	89.6	85.4	91.7	90.9	86.4	90.0	56.7	95.5	92.7
chr19:2324082-2324582	93.6	85.6	84.3	82.8	84.6	83.0	83.2	81.5	83.0	62.8	85.7	17.4	85.3	85.9
chr19:2756546-2757046	95.1	92.5	92.7	86.4	88.1	94.7	89.2	83.5	85.9	81.6	89.3	45.9	89.1	89.2
chr19:3112597-3113097	94.8	89.0	88.2	83.5	92.0	91.0	78.2	89.3	88.7	81.3	86.9	42.7	81.6	88.2
chr19:49828413-49828913	94.5	94.0	84.9	90.3	91.3	88.0	90.4	91.1	90.3	92.2	91.9	59.5	90.4	69.5
chr19:50932771-50933271	86.5	89.1	74.6	86.3	76.3	81.8	87.3	91.5	89.4	89.8	85.3	29.6	93.8	64.7
chr19:56156017-56156517	89.9	87.8	85.2	82.8	79.1	86.6	71.9	89.7	85.4	78.4	89.5	32.8	94.6	88.5
chr19:6039491-6039991	94.2	94.7	93.1	90.5	82.8	93.8	85.5	92.4	95.1	85.0	90.4	49.0	96.7	82.1
chr19:729457-729957	91.4	92.5	81.6	85.7	82.4	91.4	88.6	88.9	90.6	86.8	85.3	59.8	90.2	89.8
chr2:107503854-107504354	6.5	5.7	3.3	6.0	4.5	4.0	4.2	8.2	4.1	1.9	7.9	23.7	2.4	24.7
chr2:112917111-112917611	95.5	96.0	93.6	91.8	93.7	95.1	92.6	93.9	94.3	96.1	94.4	52.4	94.9	70.6
chr2:14772878-14773378	8.8	3.2	2.2	5.6	1.1	2.4	4.2	6.6	3.5	1.4	6.6	26.2	5.2	2.6
chr20:13976269-13976769	2.1	3.2	1.4	2.9	0.3	2.2	2.8	0.0	2.1	0.7	7.2	20.4	1.7	0.1
chr20:50141191-50141691	92.4	90.5	90.7	87.9	93.4	90.7	87.9	94.0	94.3	82.8	83.8	45.6	80.9	91.4
chr20:62194074-62194574	95.4	94.5	96.4	90.4	92.7	96.6	94.8	91.2	92.1	93.2	94.7	74.3	91.7	50.6
chr22:20760244-20760744	97.3	95.7	97.6	94.4	94.7	96.7	96.4	98.1	95.0	95.1	95.9	69.9	96.4	92.3
chr22:24095027-24095527	95.7	95.0	91.0	94.1	94.9	90.6	93.7	93.1	94.4	94.1	94.6	20.8	93.5	93.0
chr22:47454901-47455401	97.5	95.9	95.6	92.9	94.0	95.9	95.0	94.4	96.0	91.7	94.1	72.6	94.4	93.3
chr22:50168613-50169113	92.5	91.3	86.2	84.8	92.5	93.5	89.6	87.2	90.6	90.4	79.8	59.4	85.7	91.5
chr3:173115771-173116271	5.6	6.0	2.9	4.7	8.1	8.8	4.6	7.9	2.4	1.1	6.1	26.7	6.0	0.5
chr5:170289380-170289880	6.1	2.4	0.9	5.5	4.2	1.7	10.2	1.8	2.5	3.6	7.3	27.5	0.6	0.7
chr5:174151870-174152370	7.7	3.2	1.7	2.8	2.5	1.6	3.9	3.3	2.3	4.4	8.5	28.8	3.3	0.2
chr5:643428-643928	96.4	95.7	94.5	92.1	93.8	95.3	88.1	96.7	96.0	95.8	96.2	72.2	91.4	79.4
chr6:167506935-167507435	93.7	94.5	94.1	87.9	87.0	96.2	92.0	90.9	86.2	93.6	87.7	46.5	93.7	71.5
chr6:43545625-43546125	94.6	90.0	92.2	94.6	94.0	94.5	90.4	95.4	97.1	92.9	90.1	69.2	95.6	92.7
chr7:1062529-1063029	94.2	93.6	95.3	90.9	91.7	94.9	93.0	95.1	93.0	80.5	91.0	19.6	94.0	91.3
chr7:12724157-12724657	95.2	95.8	93.2	93.9	90.3	94.9	94.1	94.5	94.3	94.0	92.6	40.0	96.9	18.1
chr7:151421669-151422169	96.7	97.0	97.0	92.7	95.7	94.0	97.1	96.7	93.0	91.5	94.7	60.7	92.7	91.2
chr7:2019264-2019764	95.2	94.4	93.7	90.9	90.2	91.9	86.7	96.4	96.2	94.6	91.7	66.4	95.6	91.3
chr7:2352630-2353130	91.9	94.4	94.9	93.7	90.7	91.7	95.1	96.8	96.0	91.6	93.6	56.9	93.4	82.0
chr7:2947737-2948237	95.3	93.7	93.5	91.6	91.6	92.1	93.5	93.5	90.1	97.0	95.8	24.6	96.9	78.3
chr7:31375846-31376346	3.6	8.0	3.3	7.2	3.6	3.8	6.3	6.6	4.5	8.0	14.9	29.5	5.7	25.8
chr7:97832644-97833144	94.8	93.1	94.9	90.2	95.4	96.0	93.1	92.4	95.1	92.0	91.4	43.5	83.7	92.1
chr7:996402-996902	94.3	93.5	86.6	89.6	82.1	81.8	90.4	93.8	92.6	90.2	89.4	29.5	86.5	67.2
chr8:15398137-15398637	3.2	2.3	5.8	3.5	1.5	2.3	1.8	5.0	2.3	0.5	4.4	24.5	3.2	0.1
chr8:1958427-1958927	92.0	89.6	86.2	88.0	83.1	86.1	90.1	92.3	92.0	78.3	81.8	51.5	92.4	57.3
chr8:23083457-23083957	93.0	92.7	80.3	91.3	87.7	92.4	93.2	91.7	94.4	91.7	90.2	56.9	95.8	77.9
chr9:136659112-136659612	94.2	94.8	95.5	89.7	93.8	92.6	91.8	92.9	94.6	88.8	87.1	45.2	95.6	77.6
chr9:140610942-140611442	96.5	96.0	98.0	93.7	97.2	95.3	95.7	92.9	95.0	94.0	91.5	76.1	94.1	95.1
chr9:25678495-25678995	6.8	5.5	2.0	5.1	1.4	5.4	3.0	3.4	3.4	2.8	12.4	26.7	6.0	1.8
chr1:109418545-109419045	91.5	88.4	85.7	78.7	73.6	87.0	83.2	90.0	81.3	30.3	90.9	94.3	86.1	71.2
chr1:111146984-111147484	85.9	90.3	88.8	91.6	83.4	82.5	92.2	89.5	90.7	60.2	88.2	83.7	86.5	68.9
chr1:1231781-1232281	95.9	94.6	94.2	93.7	93.0	94.7	90.7	96.1	94.0	73.9	92.7	94.5	96.1	92.8
chr1:12678484-12678984	0.3	1.7	0.5	3.1	0.5	5.4	1.8	1.2	4.1	22.1	0.5	1.8	0.4	1.4
chr1:145075984-145076484	54.0	50.0	49.1	47.3	52.7	50.5	55.7	54.6	50.5	13.9	61.9	59.0	53.3	52.8
chr1:150292836-150293336	93.5	90.9	91.6	92.9	92.6	91.5	92.3	90.1	90.9	64.3	92.6	94.7	91.1	71.6
chr1:154732823-154733323	6.4	9.9	2.3	9.4	7.9	11.4	11.1	11.7	18.6	53.7	1.1	7.1	2.4	2.2
chr1:156593658-156594158	5.6	4.2	1.6	5.2	4.9	4.3	3.4	6.4	7.5	23.1	4.4	7.3	4.3	6.3
chr1:204226545-204227045	92.6	94.4	92.8	91.7	93.5	88.6	95.4	97.3	93.5	43.4	91.4	89.7	95.9	92.4
chr1:213562740-213563240	94.6	92.2	93.8	92.3	92.9	93.5	89.6	91.4	92.4	23.3	91.8	90.2	90.1	92.7
chr1:2234311-2234811	92.1	95.7	96.9	94.3	93.8	93.4	82.2	92.6	95.2	44.5	93.8	96.0	91.9	95.2
chr1:244217275-244217775	95.1	93.0	93.7	81.9	80.3	91.6	90.1	91.3	80.9	13.1	78.5	92.2	93.4	86.4
chr1:3069900-3070400	93.0	92.7	95.0	91.9	93.3	91.3	88.9	93.5	88.3	69.6	89.5	94.2	88.7	51.5
chr1:3277030-3277530	89.9	91.9	95.1	93.6	85.6	88.5	94.8	95.2	77.5	45.3	88.6	91.7	94.1	76.0
chr1:4771153-4771653	12.0	4.4	2.8	5.1	6.2	21.1	23.7	11.1	6.1	58.8	7.1	12.4	8.9	4.4
chr10:103534137-103534637	21.0	11.5	13.8	9.0	13.5	16.8	11.4	14.7	9.8	44.0	15.5	16.3	4.9	38.1
chr10:131694675-131695175	89.9	80.5	85.1	83.9	64.8	75.4	82.1	90.5	89.8	29.3	88.7	86.8	88.9	50.9
chr10:134119448-134119948	96.0	96.2	97.5	95.2	89.2	92.5	95.3	96.8	95.8	66.7	94.8	94.4	90.2	57.7
chr10:134527743-134528243	91.6	85.6	95.0	84.7	82.9	84.5	84.6	87.1	69.8	20.6	95.1	95.9	92.9	74.4
chr10:134549624-134550124	95.8	94.7	93.2	91.1	91.7	91.1	91.4	92.9	91.8	32.7	82.3	82.6	94.8	91.9
chr10:457693-458193	95.3	96.2	96.4	92.6	91.3	94.0	91.5	88.6	92.3	66.5	93.2	86.4	93.4	93.6
chr10:529214-529714	94.1	90.9	94.7	87.6	85.0	93.5	89.6	83.7	78.9	49.7	88.1	89.0	92.9	84.7
chr10:650760-651260	90.0	82.7	80.5	85.0	83.8	84.2	79.7	84.4	84.4	38.3	80.6	79.7	85.5	81.6
chr10:676263-676763	94.9	93.1	94.0	91.0	89.1	92.5	91.0	83.5	94.0	14.9	85.9	87.4	93.2	91.9
chr10:75599261-75599761	94.8	96.6	97.3	95.6	96.4	95.6	95.6	94.3	97.2	75.3	95.0	95.9	94.7	89.4
chr11:22365363-22365863	7.2	5.9	12.2	5.8	7.3	5.7	10.9	9.6	4.4	30.9	7.6	9.7	3.1	11.7
chr11:31820061-31820561	16.3	6.1	6.7	2.4	8.2	4.7	6.1	3.9	2.4	38.5	4.6	3.7	4.9	18.7
chr11:31841744-31842244	13.4	9.1	9.3	5.9	19.1	14.5	9.8	10.7	6.9	71.1	10.6	13.2	6.8	35.4
chr11:31847133-31847633	19.1	13.4	18.1	9.2	17.9	12.4	16.1	10.4	6.4	55.4	18.7	23.4	8.1	23.7
chr12:121891224-121891724	92.3	89.2	88.0	90.6	85.1	89.3	86.9	84.3	90.8	52.9	89.3	85.3	84.9	86.7
chr12:123757550-123758050	89.8	88.7	88.0	93.4	85.2	87.6	89.1	91.2	87.9	66.0	87.7	89.0	87.4	83.6
chr12:124822020-124822520	93.5	92.5	91.4	88.7	85.6	84.3	85.6	89.1	88.9	25.4	82.3	92.0	88.1	87.2
chr12:131515268-131515768	93.1	90.7	92.0	93.0	84.9	87.3	91.7	86.8	90.8	62.2	90.5	88.4	90.8	82.1
chr12:132310440-132310940	91.7	88.7	91.9	90.5	92.6	86.8	91.5	92.7	89.9	52.5	92.6	90.1	93.6	46.3
chr12:132864968-132865468	85.4	88.2	89.7	90.7	79.3	84.9	86.3	88.5	89.9	56.3	90.4	87.2	93.6	54.8
chr12:133102169-133102669	96.5	94.8	94.9	94.8	92.9	70.9	94.4	97.0	89.4	20.3	91.8	86.0	93.6	92.4
chr12:133127660-133128160	95.5	94.0	93.7	90.8	86.1	93.9	92.1	95.9	92.5	56.0	91.0	82.4	95.4	93.3
chr12:27931790-27932290	92.9	93.1	94.3	90.3	91.1	92.8	94.0	96.5	93.6	68.6	94.0	94.3	86.9	91.0
chr12:57579321-57579821	89.2	93.8	94.7	92.8	88.9	94.0	90.5	93.4	95.7	70.5	90.6	87.4	92.9	92.6
chr12:94581157-94581657	89.3	86.3	92.7	81.7	79.6	82.5	77.0	87.0	87.9	16.4	93.5	87.9	95.0	84.2
chr12:96641798-96642298	92.4	87.7	91.4	90.5	87.9	87.2	89.2	88.1	82.2	50.8	84.7	87.4	93.1	80.3
chr12:99139387-99139887	10.7	5.8	7.9	8.6	8.9	1.1	4.0	4.1	10.6	30.3	3.0	6.5	2.5	5.9
chr13:103047681-103048181	89.5	95.0	91.1	94.2	88.4	86.6	84.9	90.0	91.1	41.1	95.4	92.6	93.8	83.3
chr13:113654117-113654617	94.3	95.1	95.1	90.3	89.1	83.2	92.7	93.2	86.3	44.7	88.4	86.2	93.0	60.8
chr13:113732803-113733303	95.8	93.7	94.6	92.6	92.0	87.9	93.1	96.8	91.7	42.9	90.5	95.2	93.3	57.8
chr13:114202097-114202597	96.2	92.5	95.0	88.9	89.5	90.3	85.5	84.4	73.5	33.6	95.2	96.5	91.2	91.5
chr13:114802117-114802617	89.7	86.2	84.0	88.9	91.8	89.2	83.8	88.5	94.4	45.0	92.2	91.3	92.4	53.4
chr13:114837067-114837567	92.3	88.3	93.1	85.6	93.0	85.6	81.6	92.0	92.0	29.9	94.0	95.7	95.1	61.6
chr13:25743999-25744499	87.5	86.4	91.4	86.6	81.0	85.8	91.6	86.1	83.7	15.4	81.4	89.1	89.1	67.5
chr14:101003568-101004068	92.5	90.9	93.6	88.2	88.4	90.2	90.8	87.3	88.3	34.1	91.2	89.8	93.6	63.7
chr14:101052106-101052606	88.3	89.2	90.3	84.8	87.6	90.3	91.4	91.0	86.0	66.7	91.8	89.7	90.1	36.3
chr14:102053815-102054315	95.0	95.3	91.6	93.9	86.7	94.9	85.1	94.8	94.6	38.8	90.7	93.1	93.2	66.0
chr14:104183379-104183879	90.2	89.4	90.9	89.2	84.0	89.1	86.1	87.5	86.8	62.4	86.6	94.1	86.2	77.3
chr14:104205071-104205571	95.6	94.8	95.4	94.4	93.6	96.4	91.9	95.5	93.5	73.9	90.8	94.2	91.7	94.3
chr14:104800445-104800945	84.7	83.9	94.5	85.4	75.2	80.8	89.8	76.6	77.7	34.7	91.6	88.5	91.4	46.0
chr14:105169278-105169778	96.5	92.4	91.5	93.7	95.5	91.8	87.8	97.8	93.4	55.3	93.1	94.6	92.7	89.7
chr14:24457865-24458365	1.4	3.7	0.9	3.3	2.3	1.9	3.0	5.5	3.2	44.9	1.9	2.1	1.9	6.9
chr14:74252888-74253388	0.1	0.4	0.4	0.7	1.0	1.0	0.4	0.5	0.2	21.3	0.2	0.0	0.0	0.3
chr15:22980693-22981193	90.8	88.4	90.9	88.5	85.6	90.4	89.8	89.1	85.4	50.1	86.5	84.4	91.9	75.3
chr15:30261496-30261996	81.3	80.3	77.2	81.3	79.1	80.2	84.8	83.2	85.2	42.9	81.3	81.7	79.3	76.8
chr15:49268492-49268992	82.0	84.9	80.5	76.2	85.7	85.1	82.0	81.4	74.5	23.0	90.8	95.1	79.7	81.3
chr15:83348840-83349340	10.9	4.7	5.4	6.1	4.8	5.0	4.3	9.7	4.5	43.1	7.0	10.5	6.2	1.2
chr15:89959743-89960243	11.9	8.6	11.8	5.6	5.5	5.0	7.9	7.1	5.6	31.8	15.3	7.2	5.3	30.4
chr16:1033379-1033879	80.7	77.9	69.7	78.7	73.6	84.4	72.9	76.0	79.5	17.6	92.1	86.3	82.9	35.5
chr16:1818053-1818553	93.7	93.5	89.2	89.1	90.1	88.1	82.8	91.7	85.8	58.9	91.0	96.0	94.5	90.3
chr16:69343138-69343638	85.3	80.9	94.5	83.9	85.6	87.4	88.2	89.9	85.6	20.0	90.8	91.2	91.7	77.3
chr16:744439-744939	8.1	4.3	1.5	2.3	4.3	5.0	5.0	4.9	4.2	53.7	5.6	6.6	3.7	2.4
chr16:75269029-75269529	89.3	90.1	91.2	87.2	82.7	87.3	87.9	91.8	83.1	40.7	92.5	92.4	93.5	82.9
chr16:87366535-87367035	95.8	95.9	93.5	91.1	92.9	90.7	91.9	92.8	92.5	29.6	92.8	94.0	93.1	92.7
chr16:87738653-87739153	97.3	94.5	96.0	93.6	95.9	95.9	93.8	95.9	95.1	56.4	93.2	96.4	91.2	93.2
chr16:88455290-88455790	83.0	86.8	91.1	89.3	78.9	90.4	89.3	89.4	87.9	54.9	79.8	86.3	81.9	34.9
chr16:89354029-89354529	93.8	92.7	89.4	90.8	86.4	88.0	90.7	91.4	91.3	72.2	96.0	92.2	91.6	91.0
chr16:89486261-89486761	90.5	84.9	90.8	86.0	82.9	92.5	87.5	91.6	91.6	50.8	79.6	87.6	93.2	86.4
chr16:902645-903145	94.6	90.9	88.1	90.9	83.8	77.9	88.2	90.1	88.8	25.4	89.7	88.2	92.8	74.7
chr16:962215-962715	96.4	94.6	94.3	92.9	90.8	93.9	94.5	93.1	94.8	32.7	92.3	86.7	89.5	58.8
chr17:30821418-30821918	90.9	85.6	81.4	90.2	92.4	84.8	85.2	80.9	88.4	22.3	88.1	93.8	75.1	83.8
chr17:3769664-3770164	93.4	96.5	96.3	93.3	92.0	98.3	93.1	95.1	95.3	22.6	91.6	92.9	93.9	82.9
chr17:40120106-40120606	96.0	94.8	96.0	94.0	81.2	92.6	89.7	91.9	87.6	22.2	92.9	93.6	91.8	79.1
chr17:42392824-42393324	10.4	7.1	6.6	5.9	6.2	8.0	5.8	7.4	7.9	54.0	5.7	4.7	4.3	9.4
chr17:55938589-55939089	5.6	1.4	0.8	3.3	0.5	1.2	0.6	1.8	6.4	43.8	0.7	1.9	0.7	0.3
chr17:7107305-7107805	93.4	82.7	88.2	86.3	86.4	86.3	86.6	87.1	89.2	41.5	93.7	91.1	93.0	73.9
chr17:72353425-72353925	16.4	11.1	12.7	16.6	7.1	10.4	14.4	14.2	13.9	71.7	20.0	30.3	12.1	15.6
chr17:73499100-73499600	94.6	92.9	93.6	91.4	92.4	91.7	90.2	93.5	90.8	72.3	86.1	90.4	95.4	89.6
chr17:746118-746618	80.9	81.4	78.1	70.4	90.4	84.5	78.2	83.9	87.8	40.6	84.3	85.6	88.2	55.4
chr17:76422442-76422942	95.8	94.5	96.0	94.7	94.4	93.1	92.6	92.9	89.0	75.1	94.0	93.4	92.2	91.7
chr17:76453984-76454484	83.8	90.2	82.2	85.5	73.1	84.6	85.2	85.3	86.1	50.5	81.9	77.8	85.7	68.3
chr17:77951346-77951846	94.8	95.8	95.6	91.0	94.2	86.9	93.2	89.0	97.1	21.0	92.6	91.8	95.8	94.3
chr17:78773592-78774092	96.0	94.2	94.6	92.7	92.3	93.4	93.1	91.3	94.4	47.1	94.1	94.9	95.2	94.9
chr17:78915563-78916063	87.3	86.7	86.2	78.2	91.5	94.2	76.8	80.4	87.8	42.5	94.9	88.0	85.3	80.8
chr17:79098077-79098577	94.9	93.5	91.1	90.8	91.7	91.9	88.6	95.0	93.2	51.6	93.3	88.3	93.2	48.7
chr17:79663351-79663851	96.1	94.8	96.2	93.8	91.8	94.4	92.8	96.7	94.1	73.2	95.9	96.2	97.5	90.8
chr17:80573396-80573896	93.7	92.3	93.5	92.3	91.6	89.7	91.4	90.7	90.3	74.2	94.4	88.4	92.8	83.4
chr18:46447719-46448219	86.0	85.5	87.2	83.5	92.4	90.5	92.0	95.8	89.3	53.1	95.7	97.1	94.3	77.1
chr18:74691263-74691763	94.9	89.3	94.5	91.8	94.5	92.0	89.0	79.3	92.1	28.6	86.9	83.2	72.1	83.9
chr18:74804628-74805128	91.6	94.5	95.9	91.1	94.1	88.3	94.5	90.7	88.5	33.8	94.9	96.1	96.8	50.8
chr18:76322176-76322676	77.7	74.0	90.7	84.8	65.7	76.6	85.8	79.2	80.9	24.2	78.9	88.7	73.0	55.3
chr18:76756940-76757440	88.1	92.1	92.2	92.6	78.7	90.6	91.9	92.7	92.7	57.3	89.0	84.7	92.9	53.7
chr18:77125677-77126177	97.0	94.0	95.8	95.8	93.7	96.5	95.6	98.2	97.1	76.4	93.4	90.5	94.7	91.0
chr18:77210939-77211439	96.7	96.3	93.7	95.9	95.1	93.1	96.3	96.1	96.8	65.5	93.5	92.8	92.8	79.5
chr18:77498155-77498655	94.4	92.0	93.4	86.5	93.8	92.4	94.7	93.4	87.4	67.5	95.5	94.6	90.6	90.0
chr19:1207369-1207869	0.5	2.4	0.5	1.1	0.6	0.6	1.0	1.3	1.9	25.1	2.5	3.0	0.5	9.2
chr19:1254684-1255184	78.4	88.7	86.8	88.4	81.1	75.7	77.0	95.3	85.6	27.4	88.5	86.1	98.4	88.3
chr19:1360039-1360539	94.4	93.1	94.6	92.2	91.6	92.6	92.4	92.6	93.8	68.7	90.8	96.9	95.5	89.6
chr19:1388938-1389438	95.2	95.9	94.8	93.4	92.3	91.8	93.2	92.4	90.5	75.4	94.7	100.0	93.7	93.3
chr19:1435114-1435614	90.7	88.4	89.7	90.9	92.2	92.5	87.9	87.7	93.8	71.7	92.9	88.4	88.1	85.1
chr19:14676202-14676702	93.5	92.9	88.6	88.8	89.6	89.0	86.7	88.1	92.6	69.3	89.4	94.7	90.7	83.9
chr19:17436055-17436555	95.7	96.0	96.2	95.5	94.1	92.0	92.5	95.1	96.7	64.0	92.5	97.1	91.1	94.3
chr19:18701423-18701923	92.4	82.2	93.1	83.0	85.2	86.8	76.5	77.1	83.2	29.5	89.0	80.8	84.5	87.6
chr19:1957779-1958279	92.6	90.4	92.3	90.9	91.0	89.0	83.3	86.5	88.0	62.3	89.2	93.0	87.0	82.8
chr19:2214361-2214861	96.3	90.7	96.6	93.1	96.2	91.8	94.3	97.1	91.7	60.2	94.6	93.8	94.8	92.8
chr19:2334496-2334996	97.5	96.3	94.3	94.0	89.8	94.9	97.5	98.3	97.3	71.3	96.6	93.2	93.9	94.5
chr19:35790030-35790530	93.3	84.3	87.9	87.7	88.0	90.2	87.2	87.2	84.8	63.3	94.3	93.1	93.9	57.8
chr19:3655527-3656027	94.1	93.2	91.2	90.7	94.6	88.2	78.4	93.7	89.9	48.9	85.8	82.2	88.3	92.4
chr19:38993264-38993764	92.0	91.8	91.6	92.1	85.2	92.0	91.7	96.6	92.1	58.8	91.5	89.0	96.3	67.5
chr19:41055125-41055625	6.2	2.4	2.8	3.2	3.9	2.7	3.4	0.7	2.9	28.4	1.8	0.6	0.6	0.4
chr19:42818413-42818913	48.1	51.1	48.0	49.7	48.9	53.0	49.8	44.4	46.8	71.9	49.0	55.2	45.0	22.3
chr19:46144873-46145373	6.3	2.1	2.7	1.9	3.5	6.0	3.7	3.0	2.4	65.5	0.2	0.6	1.3	1.4
chr19:4684227-4684727	94.2	93.2	93.3	92.5	90.1	87.7	90.9	96.0	91.5	59.6	93.3	94.1	96.0	88.6
chr19:48955997-48956497	94.2	89.5	94.6	89.6	90.6	89.4	89.8	94.2	88.3	71.7	94.7	93.1	94.6	89.4
chr19:5058985-5059485	86.9	90.0	92.9	87.8	91.3	91.3	77.5	70.7	73.7	16.0	95.2	96.6	94.8	89.4
chr19:51830565-51831065	9.2	6.2	7.9	3.6	4.2	21.3	4.4	11.0	3.4	44.8	4.3	3.7	4.4	7.2
chr19:52801400-52801900	92.0	85.6	97.4	86.9	89.8	87.1	91.0	94.5	85.8	59.7	90.4	85.4	84.7	80.9
chr19:55856101-55856601	97.3	96.0	95.6	92.2	96.1	96.0	86.2	93.5	92.9	56.8	93.8	95.0	94.9	58.6
chr19:55952801-55953301	9.7	6.2	8.2	6.0	5.6	4.5	4.8	3.8	4.1	25.7	3.4	2.0	1.8	9.0
chr19:58569894-58570394	83.9	82.2	78.5	79.8	75.3	70.8	71.1	77.4	80.4	23.3	87.8	87.2	87.3	66.4
chr19:7506424-7506924	93.8	95.8	94.1	94.0	89.1	93.9	91.9	95.7	96.0	40.2	93.0	92.6	91.3	95.5
chr2:234386359-234386859	96.5	95.9	96.5	92.1	94.4	94.6	96.4	95.1	94.4	63.1	95.1	98.0	94.9	93.8
chr2:236293301-236293801	91.9	87.0	95.1	86.3	87.0	87.6	90.5	88.9	83.7	20.9	83.1	75.7	83.0	89.5
chr2:236867653-236868153	96.1	92.8	91.2	92.7	91.0	84.2	88.1	88.6	91.7	46.6	88.7	92.2	92.3	95.2
chr2:240008283-240008783	96.5	92.9	96.2	92.4	93.1	93.7	81.6	92.5	88.8	60.1	93.1	91.9	95.2	71.9
chr2:240111815-240112315	97.2	96.2	97.0	96.1	95.6	97.2	97.3	95.6	97.9	55.2	95.8	89.7	84.9	94.0
chr2:240868279-240868779	83.9	77.0	85.6	80.4	78.0	83.5	81.2	74.8	73.2	38.8	82.2	87.4	74.8	39.1
chr2:242754324-242754824	91.4	89.6	70.8	90.0	76.7	91.3	87.4	88.7	91.1	38.2	85.0	90.0	93.5	31.4
chr2:26407923-26408423	14.6	10.5	11.3	8.5	10.2	19.7	20.6	16.9	7.6	63.2	6.2	5.2	7.5	3.7
chr2:26726190-26726690	11.3	4.7	1.3	1.8	1.8	7.3	2.3	2.2	2.0	30.8	2.7	1.4	4.7	1.9
chr2:3292325-3292825	96.8	93.3	95.5	91.4	90.3	90.2	93.8	94.0	95.2	27.0	96.1	98.3	96.0	92.8
chr2:43020166-43020666	2.3	5.8	1.3	3.1	3.2	9.3	3.3	3.6	7.6	29.2	8.6	3.2	2.7	24.1
chr2:54784527-54785027	5.0	6.2	5.8	9.3	1.5	6.8	10.8	11.2	7.9	42.3	9.2	3.5	3.2	2.4
chr2:63272128-63272628	96.3	97.5	97.7	94.9	95.7	94.6	96.9	95.8	95.5	75.0	95.0	97.3	96.0	91.2
chr2:73152556-73153056	19.6	8.4	7.6	5.5	10.0	11.8	16.9	11.6	10.1	43.6	9.7	7.7	8.1	12.5
chr2:74663316-74663816	91.8	83.6	93.7	81.4	87.4	77.1	81.1	83.4	73.6	29.5	94.3	93.5	92.2	77.7
chr20:20345901-20346401	11.9	9.5	12.5	9.5	10.3	5.7	13.6	7.2	4.6	51.3	12.8	12.5	9.3	13.8
chr20:21499962-21500462	5.0	3.4	5.9	1.8	20.6	2.7	4.7	2.7	1.3	49.3	4.3	2.4	3.1	8.2
chr20:37464503-37465003	91.7	92.7	89.8	91.5	79.7	87.4	92.2	92.9	89.9	57.5	95.9	93.3	94.3	34.7
chr20:44098281-44098781	7.8	3.4	4.0	3.2	3.9	8.2	2.5	3.5	3.1	26.2	6.0	6.2	4.8	2.0
chr20:44469289-44469789	93.3	92.0	89.6	91.7	91.5	83.2	89.2	90.6	90.5	67.2	93.5	91.3	95.8	86.0
chr20:60545331-60545831	93.6	88.9	90.3	94.8	87.2	93.7	90.6	91.6	91.2	34.6	94.3	89.8	90.2	90.6
chr20:61870782-61871282	91.5	89.6	89.3	85.8	77.3	91.3	83.8	89.9	88.6	57.2	88.6	90.8	92.8	70.7
chr20:9488112-9488612	7.2	11.3	11.4	10.2	14.9	29.0	12.7	8.4	9.8	64.0	4.2	8.8	1.1	11.4
chr21:44486141-44486641	92.7	96.6	96.8	95.9	95.9	90.7	92.0	95.7	96.4	65.6	87.7	86.9	95.7	85.1
chr22:20716152-20716652	94.0	96.5	97.5	96.8	92.0	94.8	95.7	96.6	95.2	65.9	92.0	97.0	94.0	66.5
chr22:42353660-42354160	8.2	3.0	1.2	2.5	1.4	4.4	5.3	8.0	3.0	21.8	3.3	3.2	1.1	2.7
chr22:43265991-43266491	91.9	91.4	91.1	87.3	72.0	85.1	89.1	87.9	87.9	31.0	89.0	91.1	91.6	85.8
chr22:46263566-46264066	14.1	11.1	13.9	9.2	29.6	16.2	15.5	7.4	18.0	71.4	10.1	18.0	5.2	13.0
chr22:46931318-46931818	95.9	96.5	96.2	97.4	93.7	94.5	96.8	96.6	97.8	71.9	93.4	94.6	95.9	86.2
chr3:11608138-11608638	95.7	92.9	95.9	94.9	94.2	94.3	93.4	95.4	93.9	69.4	94.4	93.8	95.3	90.3
chr3:125311987-125312487	89.0	92.0	93.6	92.5	88.4	95.1	92.9	86.5	91.3	57.3	94.5	90.9	93.1	53.0
chr3:12949700-12950200	96.9	97.6	96.5	96.0	94.1	94.2	95.5	95.2	93.9	72.7	94.1	95.9	97.0	93.0
chr3:13520413-13520913	84.5	79.4	69.3	78.2	72.7	84.5	69.1	83.1	82.6	37.9	79.4	83.6	76.8	82.4
chr3:147077116-147077616	8.5	8.5	10.0	6.8	5.3	9.1	8.3	3.5	5.1	28.8	4.1	7.1	9.6	18.5
chr3:195614589-195615089	93.2	93.9	94.5	92.2	88.5	93.9	93.5	96.1	91.1	63.4	91.0	94.8	93.8	93.6
chr3:42699529-42700029	92.2	90.8	88.2	86.0	86.7	91.9	88.0	88.0	82.7	54.1	92.0	84.7	91.6	84.9
chr3:47048987-47049487	95.4	92.1	91.4	89.5	92.5	94.3	90.8	86.9	90.4	75.1	90.8	92.2	90.8	90.1
chr3:47618113-47618613	93.0	91.5	93.6	91.9	91.9	92.1	94.2	92.1	94.6	59.9	89.0	89.0	88.6	60.0
chr3:52010211-52010711	84.5	70.1	80.7	79.0	72.4	72.5	70.0	75.9	74.4	28.0	90.3	84.6	77.7	60.5
chr3:62362792-62363292	24.1	16.9	31.6	10.8	16.2	18.4	27.9	14.0	17.0	66.7	17.4	17.9	11.2	25.8
chr4:113332942-113333442	90.4	80.6	95.7	82.1	85.4	85.0	85.3	83.6	64.7	18.2	92.6	97.1	95.8	21.2
chr4:1802943-1803443	95.6	96.3	96.1	96.8	95.0	90.5	88.6	94.9	96.1	64.6	89.5	88.2	93.6	28.6
chr4:1994663-1995163	94.1	89.3	94.9	90.8	91.8	89.3	88.7	90.4	86.4	69.8	94.2	96.1	94.2	90.7
chr4:2007715-2008215	93.6	93.5	87.1	90.7	86.8	89.8	90.6	93.8	81.8	47.8	87.8	87.6	91.7	87.3
chr4:2065429-2065929	96.1	96.5	93.1	94.1	92.0	92.8	93.7	95.4	95.3	69.0	90.2	93.6	94.8	86.2
chr4:7593370-7593870	90.4	88.0	88.1	89.2	72.5	73.3	90.4	89.6	89.9	39.1	87.5	84.5	91.5	61.6
chr4:8749205-8749705	85.9	83.2	81.8	82.7	67.1	75.7	82.9	85.5	82.0	34.6	84.3	86.7	88.8	35.2
chr4:8869938-8870438	6.0	5.4	7.6	5.0	3.9	8.7	6.3	6.3	3.3	37.3	8.5	14.6	7.3	24.9
chr4:892412-892912	96.6	95.6	94.0	95.7	94.5	95.5	93.5	94.0	96.4	73.4	94.3	94.6	96.4	93.7
chr4:951314-951814	93.8	92.8	94.2	91.1	90.9	94.9	87.6	93.0	92.6	71.8	91.8	95.2	94.1	89.0
chr5:115154349-115154849	94.3	94.5	77.1	91.6	86.7	94.0	83.0	92.2	93.1	33.8	90.4	96.0	95.1	78.6
chr5:140869565-140870065	94.5	91.7	97.0	94.0	90.2	92.1	90.1	93.6	95.3	56.1	87.5	96.4	92.4	93.0
chr5:1552036-1552536	88.8	75.5	91.0	87.2	86.2	91.3	87.4	87.4	85.5	30.1	91.4	90.0	92.6	45.9
chr5:2866700-2867200	78.7	89.0	92.4	88.5	65.1	79.8	85.3	90.5	85.9	26.9	86.3	91.0	88.5	45.1
chr5:668784-669284	90.1	87.2	87.1	86.5	86.7	90.2	81.8	93.7	86.4	44.6	87.0	88.1	87.6	74.2
chr5:913995-914495	94.5	88.2	92.8	91.1	94.3	97.5	93.0	93.9	95.0	48.3	93.7	95.0	94.1	89.0
chr6:163520985-163521485	94.8	94.9	94.7	94.2	95.2	96.1	94.9	95.0	96.1	64.9	85.7	87.7	90.6	69.9
chr6:166711163-166711663	94.1	91.8	96.0	93.0	79.3	86.1	90.9	93.9	91.3	41.6	89.0	94.3	95.6	63.8
chr6:168225064-168225564	78.9	72.5	85.1	73.2	76.3	77.3	70.5	79.9	70.9	16.9	80.3	71.2	82.2	52.9
chr6:168449071-168449571	91.1	94.5	93.2	91.3	83.2	81.3	87.1	94.1	92.6	38.7	85.0	86.1	91.8	87.3
chr6:169977219-169977719	88.9	91.2	88.9	92.9	89.1	91.3	91.3	88.3	90.4	66.8	92.3	94.5	83.1	77.1
chr6:26598547-26599047	94.7	90.6	93.0	91.6	91.0	92.7	92.9	87.4	87.6	61.8	89.4	92.4	93.3	89.8
chr6:41561222-41561722	94.9	93.0	96.3	90.6	91.4	93.6	94.6	91.1	91.9	58.3	93.6	92.5	88.0	92.3
chr6:43237261-43237761	1.4	4.4	0.5	3.6	7.4	4.9	3.8	5.1	2.9	40.6	1.1	0.0	0.8	4.1
chr6:71667361-71667861	90.4	85.5	84.5	78.6	79.4	83.4	86.1	85.4	81.6	55.8	84.1	81.1	81.5	76.6
chr6:99273395-99273895	11.5	5.6	15.2	4.5	4.6	9.1	8.9	6.3	5.0	41.3	6.9	12.1	6.6	17.0
chr7:100816485-100816985	2.5	0.6	1.3	2.8	1.5	1.9	1.4	3.6	2.3	35.6	4.2	5.6	0.5	4.6
chr7:1119981-1120481	84.9	90.1	93.6	89.7	94.3	88.8	88.7	92.6	94.0	67.9	91.1	90.8	88.0	78.3
chr7:1153304-1153804	95.2	94.2	93.8	93.9	87.9	89.2	89.3	91.8	84.0	65.0	93.4	90.5	95.4	86.8
chr7:127669159-127669659	96.3	98.0	98.0	97.2	93.3	96.1	97.4	97.1	98.3	77.6	93.2	95.7	94.7	87.1
chr7:1370387-1370887	83.2	80.3	81.7	80.5	64.7	75.0	82.2	79.3	86.6	28.3	88.3	90.5	92.8	46.0
chr7:148480130-148480630	93.1	84.5	83.9	84.9	89.0	90.0	87.8	93.2	86.9	58.2	93.9	95.8	91.8	86.2
chr7:154587183-154587683	81.1	76.5	87.9	81.4	77.6	71.2	72.2	80.9	80.0	29.0	84.6	92.2	87.5	65.1
chr7:154704747-154705247	76.2	72.7	74.5	69.1	71.7	74.0	66.2	80.6	72.6	18.3	77.1	77.8	85.3	59.4
chr7:157485387-157485887	6.0	6.5	18.8	9.1	12.8	8.2	12.9	6.2	6.0	52.6	5.9	10.5	2.2	20.3
chr7:157577686-157578186	89.6	87.2	89.6	90.5	92.4	85.2	84.3	89.8	86.4	40.1	87.9	85.2	90.4	52.1
chr7:157690060-157690560	83.1	75.9	90.0	83.6	87.1	78.5	92.9	91.9	86.8	37.3	88.0	89.0	93.3	44.6
chr7:26439728-26440228	95.0	95.4	96.0	95.4	90.0	96.8	96.2	95.1	98.1	75.2	95.8	94.8	92.8	91.8
chr7:4757803-4758303	97.5	93.1	95.9	92.8	92.9	91.3	93.5	95.0	92.6	72.2	94.5	96.3	92.6	92.5
chr7:613365-613865	96.3	96.3	93.4	94.0	93.6	92.1	95.2	94.2	96.2	67.0	87.9	95.4	94.8	87.6
chr7:66020670-66021170	96.1	96.1	92.7	94.1	92.6	94.0	92.0	93.9	93.6	75.3	95.3	97.8	94.9	94.4
chr7:807837-808337	93.4	91.5	95.4	92.0	94.4	96.1	95.4	85.8	95.1	66.9	91.0	91.5	88.3	40.9
chr7:98611994-98612494	97.0	95.5	97.1	97.1	96.0	89.0	95.6	95.3	96.7	71.3	95.3	98.0	98.2	90.8
chr8:141557665-141558165	96.7	96.8	96.6	94.2	93.9	92.5	94.5	96.7	93.9	68.7	95.0	92.4	93.0	89.9
chr8:143397265-143397765	95.8	96.2	93.9	95.5	93.9	94.8	91.9	93.3	95.0	69.9	94.4	94.2	94.0	74.3
chr8:1764829-1765329	19.0	17.7	3.8	13.6	10.8	10.5	14.7	9.1	10.3	70.7	19.4	3.4	8.6	4.1
chr8:1829749-1830249	93.2	94.5	95.8	94.8	91.4	94.7	93.5	95.4	97.7	64.4	88.4	95.2	95.5	48.3
chr8:18872573-18873073	88.1	84.4	81.2	84.6	85.7	80.9	83.4	82.8	83.5	58.0	86.3	87.5	86.5	88.8
chr8:652164-652664	96.9	96.3	96.2	96.4	94.3	94.3	94.3	94.0	94.9	40.9	94.9	96.1	94.0	93.2
chr8:65291904-65292404	6.5	6.5	21.2	5.3	6.6	6.5	8.4	6.2	4.0	53.5	9.4	16.9	7.8	20.3
chr8:67417089-67417589	93.3	95.3	93.9	92.9	87.4	96.0	93.8	92.1	89.2	54.3	92.6	93.5	93.4	87.6
chr9:116663378-116663878	89.0	90.3	92.1	85.4	92.1	87.4	85.7	94.4	93.4	42.9	93.3	91.3	91.5	65.2
chr9:126783022-126783522	24.8	10.9	9.2	11.1	9.3	11.4	13.4	15.0	31.4	66.9	13.6	13.5	14.6	39.6
chr9:130996711-130997211	91.9	86.0	85.8	90.7	84.4	89.9	89.4	94.0	89.1	51.2	89.5	89.0	96.4	64.0
chr9:131154847-131155347	91.1	89.9	96.5	87.2	94.3	86.1	90.4	92.4	87.8	22.9	95.1	95.1	88.9	78.3
chr9:132329219-132329719	81.6	92.1	90.5	89.2	91.1	92.3	89.5	90.4	94.2	65.3	90.8	92.2	88.6	79.5
chr9:133760421-133760921	95.1	92.5	89.3	87.4	92.6	92.3	80.2	90.0	90.6	42.9	94.1	93.4	93.6	85.6
chr9:134351209-134351709	91.4	88.5	94.6	91.5	90.5	89.7	91.5	93.2	88.0	72.5	94.2	92.4	91.0	89.7
chr9:139403903-139404403	89.8	77.6	83.8	88.8	93.2	85.7	86.9	82.0	83.8	36.8	90.9	89.6	89.0	71.9
chr9:139742191-139742691	0.5	0.8	0.4	0.8	0.2	0.4	0.6	0.3	0.4	32.1	1.7	1.6	1.0	0.3
chr9:139874238-139874738	90.1	85.9	80.4	83.5	84.1	86.5	85.7	84.8	84.1	50.1	86.5	85.2	91.4	87.8
chr9:140265426-140265926	95.7	93.6	93.4	88.9	79.3	90.1	86.1	89.2	88.1	23.9	93.4	93.7	96.3	53.7
chr9:140681121-140681621	94.8	96.8	96.2	95.1	94.2	94.4	94.7	82.8	90.6	57.6	95.2	97.1	94.7	92.4
chr1:111813412-111813912	15.6	10.6	58.3	5.3	11.0	4.7	19.5	7.4	4.5	14.3	14.4	11.4	3.2	8.9
chr1:156612140-156612640	15.0	14.9	68.7	34.5	14.1	15.0	18.2	17.9	23.9	9.2	22.5	13.3	17.4	8.0
chr1:1974687-1975187	92.0	73.6	22.1	68.5	65.6	82.9	71.8	85.7	75.2	78.6	83.8	82.3	82.9	55.8
chr1:213189520-213190020	93.3	92.6	56.2	85.0	86.6	86.8	86.5	88.5	92.4	84.7	89.8	93.1	84.3	9.7
chr1:246671149-246671649	91.8	87.7	33.2	85.2	79.1	83.2	79.1	89.9	85.0	85.3	80.9	89.2	88.1	81.6
chr1:2562393-2562893	88.2	88.1	49.6	80.8	74.8	86.6	84.8	89.4	88.3	85.8	91.5	88.5	92.5	59.6
chr1:47915640-47916140	7.6	7.9	61.0	9.4	7.5	24.6	18.6	13.0	7.2	11.5	11.5	12.2	5.4	8.8
chr1:61509143-61509643	31.7	34.3	84.7	19.8	32.3	29.1	27.0	30.5	34.9	14.2	39.6	35.1	24.5	27.7
chr10:103991853-103992353	88.6	79.7	39.4	76.6	79.1	80.9	82.5	85.8	85.1	86.7	81.4	85.0	76.1	60.7
chr10:11207179-11207679	2.3	24.9	74.5	1.5	1.7	0.5	2.0	0.3	1.0	1.6	0.1	1.0	0.7	31.4
chr10:126839792-126840292	84.0	85.3	53.8	77.4	82.0	82.4	88.3	84.3	87.3	85.4	90.4	90.4	78.6	89.2
chr10:129947229-129947729	88.6	87.2	67.6	89.4	89.6	88.7	86.3	91.7	91.5	87.9	91.4	91.6	91.5	77.3
chr10:3160889-3161389	94.7	93.9	47.9	83.0	86.4	92.6	93.2	92.8	93.4	92.5	94.8	95.0	92.0	84.4
chr10:518193-518693	94.8	93.3	59.7	89.2	91.4	93.8	90.1	92.5	93.1	86.5	91.2	84.8	88.4	91.4
chr10:76997393-76997893	84.3	93.8	65.6	89.7	91.1	92.4	97.1	96.2	96.5	96.0	93.3	95.1	92.7	93.9
chr10:83635321-83635821	9.7	3.5	31.5	6.7	4.0	4.3	5.2	4.3	1.8	1.5	10.5	13.0	4.6	26.9
chr11:1258147-1258647	88.4	80.3	49.2	79.1	77.9	81.0	76.9	80.4	82.7	85.8	80.6	87.7	82.2	40.0
chr11:130060044-130060544	93.6	90.4	20.3	68.8	92.5	87.4	93.4	92.0	91.0	91.2	83.5	86.3	83.3	80.6
chr11:133906736-133907236	9.2	1.8	28.9	3.7	3.8	0.9	4.0	0.6	1.2	4.4	0.3	0.0	0.5	23.6
chr11:14926472-14926972	0.7	1.6	37.9	1.1	1.7	3.5	5.9	1.2	1.4	3.3	0.6	1.3	1.3	20.7
chr11:94965254-94965754	1.1	3.7	57.8	5.5	1.5	6.3	3.0	6.8	1.2	2.5	1.0	0.0	0.3	5.4
chr12:1058982-1059482	3.8	2.4	29.7	3.9	4.4	0.9	7.0	1.8	1.0	2.7	0.0	0.0	1.3	14.6
chr12:113541698-113542198	11.8	6.4	57.7	2.6	7.8	2.9	8.9	2.7	3.1	17.8	5.0	4.9	2.1	2.9
chr12:126675562-126676062	14.4	7.1	49.8	6.9	3.1	5.0	10.6	2.5	2.7	3.6	14.2	17.9	3.5	16.8
chr12:130821361-130821861	75.5	70.2	31.2	71.5	70.9	84.1	82.7	82.1	82.4	84.2	89.6	80.0	78.0	60.3
chr12:5153013-5153513	3.7	3.3	24.1	3.1	1.8	1.8	5.2	6.4	1.8	3.3	7.3	2.3	1.2	8.9
chr12:62585269-62585769	3.7	3.4	34.0	3.6	4.0	2.4	5.4	3.5	1.6	0.8	1.9	5.0	0.0	4.3
chr13:112062649-112063149	74.4	75.6	20.1	67.0	71.0	78.2	80.3	83.4	88.5	76.0	86.2	82.7	89.4	58.8
chr13:113427678-113428178	94.3	85.2	43.3	90.8	96.7	96.3	81.4	92.0	92.2	83.6	88.2	82.7	84.3	73.7
chr13:27999087-27999587	4.5	13.4	53.4	8.9	4.6	14.0	7.1	11.0	10.1	4.6	18.2	10.5	24.2	48.6
chr13:46037454-46037954	96.0	94.1	43.9	90.8	89.8	91.7	93.1	96.0	94.0	91.5	94.2	89.8	91.4	90.0
chr13:50266225-50266725	82.2	91.8	33.4	88.0	89.8	90.8	70.7	89.6	95.3	90.0	91.9	92.9	87.8	81.7
chr14:100611907-100612407	95.3	88.8	25.2	66.3	86.7	88.3	83.4	91.2	91.7	91.6	83.5	92.2	97.1	94.8
chr14:21094095-21094595	35.5	23.1	74.7	28.6	15.7	15.2	21.5	16.1	12.5	13.1	23.6	19.1	20.3	62.8
chr14:21439079-21439579	0.7	0.7	72.1	0.7	1.1	0.2	1.3	0.3	1.1	0.4	1.3	0.0	0.7	0.3
chr14:37135720-37136220	9.8	9.1	42.2	5.8	7.8	15.5	7.2	7.9	3.6	4.9	9.4	11.6	5.1	31.0
chr14:99712340-99712840	4.3	2.2	34.2	9.5	2.0	1.3	4.8	0.9	1.1	0.4	4.3	4.8	3.5	5.4
chr15:27215903-27216403	5.8	3.7	41.7	2.9	0.9	2.6	4.4	4.5	1.5	2.0	8.3	5.6	1.7	4.1
chr15:77906911-77907411	95.4	96.4	69.8	93.1	96.6	93.7	96.4	95.7	97.6	89.4	93.7	98.1	97.1	81.9
chr16:2105015-2105515	92.9	91.2	47.5	86.0	78.9	94.5	91.8	93.2	94.6	91.5	90.8	94.5	90.9	92.5
chr16:2234580-2235080	83.3	86.5	46.6	82.8	89.9	83.6	84.6	88.7	89.2	91.2	88.8	91.5	91.1	44.4
chr16:29796362-29796862	26.7	24.4	78.3	16.9	18.6	15.7	15.2	13.9	6.0	7.4	31.2	19.1	29.2	56.5
chr16:31127300-31127800	91.5	90.3	69.3	89.1	93.3	89.9	92.0	93.1	94.9	87.7	92.5	92.7	96.8	81.8
chr16:3211098-3211598	89.4	81.8	19.9	65.5	68.6	73.6	84.3	88.2	86.7	80.1	80.1	77.4	85.5	8.0
chr16:666537-667037	94.2	73.5	44.7	89.1	94.0	93.6	88.7	92.9	95.0	94.1	92.7	95.5	94.8	92.4
chr16:88106974-88107474	92.9	95.3	71.2	88.1	92.8	91.8	92.0	93.2	92.3	92.5	89.1	93.0	96.0	88.1
chr16:89169617-89170117	92.6	94.9	19.8	72.8	88.6	94.0	93.1	98.5	96.6	92.7	89.6	93.4	95.1	93.2
chr16:89899995-89900495	88.8	89.0	19.2	72.2	90.0	96.1	92.3	96.4	94.8	95.5	92.0	96.5	94.4	34.2
chr17:1172909-1173409	92.8	89.1	53.5	85.4	84.6	87.0	93.6	90.9	89.7	91.9	87.5	89.9	89.3	86.8
chr17:27716136-27716636	93.0	88.9	23.6	83.3	85.4	88.8	87.3	86.5	91.2	90.1	90.5	88.7	70.9	62.4
chr17:28705364-28705864	7.0	2.3	26.4	4.5	6.9	1.3	0.4	1.1	1.0	0.3	0.1	3.1	1.5	5.4
chr17:29234260-29234760	96.4	94.2	70.4	89.7	91.3	90.0	93.0	93.9	93.1	91.4	88.7	91.2	94.1	62.3
chr17:37793766-37794266	8.3	4.4	50.7	9.9	10.9	3.5	6.3	5.8	6.3	6.9	3.3	2.0	2.8	5.4
chr17:4048293-4048793	92.9	96.9	29.6	92.8	94.4	95.4	96.2	96.4	96.4	93.3	96.0	98.1	96.0	90.7
chr17:46124547-46125047	6.9	3.8	39.5	6.6	10.5	2.7	6.3	4.3	6.7	1.7	3.0	1.6	1.9	20.7
chr17:46827286-46827786	11.2	9.4	54.4	7.1	8.0	7.6	14.1	5.4	4.9	9.2	10.9	11.1	9.0	33.7
chr17:46831610-46832110	20.4	17.4	49.6	14.5	12.3	14.3	19.4	13.3	11.0	15.8	19.8	17.1	13.2	16.4
chr17:5000370-5000870	9.0	2.1	33.5	3.1	2.1	1.4	3.8	2.2	0.6	1.5	5.6	3.4	2.5	1.1
chr17:72323449-72323949	82.3	85.8	57.1	82.0	83.1	89.4	89.3	88.8	92.0	89.2	86.0	85.4	90.5	63.8
chr17:73727739-73728239	92.5	95.3	41.3	86.2	89.3	84.2	90.2	91.0	91.9	88.9	84.7	88.9	89.7	86.0
chr17:80289021-80289521	91.6	87.6	18.1	72.4	87.2	84.9	67.0	91.3	84.6	87.8	86.3	89.5	94.0	48.2
chr17:80303947-80304447	89.8	86.7	36.6	85.1	85.1	93.0	90.2	91.3	93.3	91.8	85.2	81.2	87.0	83.6
chr17:80332067-80332567	92.0	88.0	69.9	88.5	89.0	85.8	87.4	87.7	88.6	86.7	88.0	90.6	91.6	33.5
chr18:44777493-44777993	8.1	4.1	23.2	4.3	2.5	2.8	5.5	5.9	1.6	2.3	8.3	7.3	6.4	13.2
chr18:53447075-53447575	10.5	2.8	26.6	1.7	3.5	2.9	1.7	0.6	0.6	0.3	3.5	0.8	0.5	23.8
chr18:70536466-70536966	9.7	6.9	35.7	6.4	5.9	4.5	11.7	4.9	6.1	1.6	9.7	15.8	3.0	29.7
chr18:77442095-77442595	91.1	88.7	39.1	88.6	85.3	92.8	86.0	81.2	89.6	86.9	82.8	89.1	78.5	85.7
chr19:10823619-10824119	95.7	96.4	26.6	70.6	92.8	91.5	91.9	92.4	95.3	93.9	93.5	85.1	90.1	90.9
chr19:1912107-1912607	96.4	95.1	36.4	88.9	93.3	94.0	70.7	94.0	94.6	93.0	90.4	97.4	95.2	89.5
chr19:21657570-21658070	7.6	3.0	44.7	2.3	1.3	2.8	8.9	1.4	1.1	1.7	8.1	3.8	1.6	0.2
chr19:22193331-22193831	8.7	6.7	29.8	5.7	2.8	4.3	6.3	2.6	2.9	6.6	8.4	12.5	2.9	3.2
chr19:36822396-36822896	8.4	1.7	25.9	1.3	0.7	1.0	2.2	1.5	0.9	0.5	4.5	0.8	0.8	17.5
chr19:37095681-37096181	3.7	1.1	27.6	2.1	1.0	0.0	0.8	0.4	0.8	0.3	0.4	1.2	5.3	0.2
chr19:4053380-4053880	87.6	91.4	33.3	77.2	88.2	76.5	74.1	87.8	89.6	85.9	87.0	91.9	93.6	85.0
chr19:49662381-49662881	95.2	93.3	53.9	87.5	84.3	91.5	90.7	93.6	91.2	94.1	89.6	92.6	92.9	78.9
chr19:552291-552791	83.1	80.0	17.9	78.4	60.1	79.4	68.0	72.4	81.1	86.7	85.7	78.6	88.2	22.6
chr19:57610689-57611189	11.5	14.4	46.9	12.2	9.0	10.5	21.8	13.2	10.9	6.5	15.9	13.6	12.8	8.0
chr19:57683597-57684097	11.3	4.2	34.7	2.8	3.3	2.8	11.2	4.6	3.2	0.7	8.2	8.3	0.5	0.8
chr19:57751389-57751889	10.9	10.9	35.9	10.0	8.5	8.5	10.9	9.1	7.8	7.4	17.7	14.8	10.0	14.4
chr19:58219690-58220190	19.5	9.1	58.4	5.8	8.6	4.8	11.4	6.0	6.6	4.2	19.3	10.0	7.9	60.3
chr19:5915008-5915508	92.5	75.3	22.2	85.7	70.8	87.5	83.6	81.0	84.8	86.4	94.0	91.1	92.2	31.9
chr19:7913130-7913630	85.4	95.2	63.7	87.9	92.4	95.4	95.0	97.7	95.5	93.6	90.5	90.0	91.2	91.9
chr19:916190-916690	92.1	91.4	59.1	87.1	88.0	87.7	91.3	94.7	87.1	86.7	91.0	86.9	87.8	82.2
chr2:106959116-106959616	96.1	95.8	20.4	72.4	76.1	93.1	87.6	93.9	89.8	95.2	93.1	95.8	95.1	69.0
chr2:109067010-109067510	92.7	91.3	67.9	87.0	90.2	90.5	89.9	90.1	92.7	89.4	83.4	87.5	92.3	88.3
chr2:114034360-114034860	15.1	15.8	77.0	29.3	14.1	28.5	16.1	8.4	3.0	25.1	10.7	11.8	6.9	17.9
chr2:133175033-133175533	96.4	94.4	65.1	92.0	88.8	94.5	95.2	93.2	95.4	96.2	90.5	89.8	90.2	64.9
chr2:158453800-158454300	8.9	6.3	81.6	16.0	6.4	5.1	8.2	7.3	5.2	13.2	12.4	8.0	3.8	2.7
chr2:176965088-176965588	14.6	11.0	67.0	9.3	9.2	12.6	19.1	7.4	6.3	12.1	14.0	8.9	4.7	39.9
chr2:177004222-177004722	25.1	12.4	64.8	17.7	15.5	17.8	20.3	20.5	16.4	20.6	15.7	13.5	9.8	29.5
chr2:201828516-201829016	2.5	2.5	34.8	3.1	2.2	5.6	2.9	3.7	4.8	1.8	4.4	0.0	0.4	0.0
chr2:239049572-239050072	95.8	94.0	75.4	92.8	92.9	92.1	89.8	96.0	91.0	94.7	90.4	92.6	91.1	88.4
chr2:5831188-5831688	7.5	5.3	24.1	5.0	4.1	2.6	6.0	2.1	3.5	3.9	6.1	10.2	2.3	9.1
chr2:70313201-70313701	4.1	6.4	55.4	7.1	11.8	9.4	6.1	5.4	9.8	1.8	2.6	5.7	1.4	2.5
chr2:86565743-86566243	86.0	81.7	44.4	71.9	84.7	80.4	78.8	87.9	80.5	77.5	79.0	91.0	81.6	55.3
chr2:97427336-97427836	94.4	92.3	19.9	76.4	83.7	96.4	90.4	94.6	95.5	91.5	92.9	89.2	91.1	78.2
chr2:97479857-97480357	96.6	95.0	76.4	94.5	94.3	95.1	95.2	97.7	97.8	93.8	92.3	89.2	92.6	91.8
chr20:30174458-30174958	96.8	94.1	31.6	88.0	90.4	85.5	83.0	93.0	83.3	96.8	93.8	93.0	93.7	91.1
chr20:34825788-34826288	97.0	93.8	69.5	92.3	91.3	90.9	93.3	89.8	94.9	89.7	92.9	97.2	96.3	92.7
chr20:61473086-61473586	92.5	87.3	51.5	81.7	83.5	92.0	82.6	89.9	88.7	89.1	90.4	94.7	98.2	44.3
chr20:62321006-62321506	95.9	94.8	34.9	88.8	91.4	94.6	76.4	93.0	93.4	91.6	92.6	95.1	90.1	92.9
chr21:31311387-31311887	6.5	4.3	22.5	5.3	2.4	2.5	4.9	2.3	2.1	0.5	7.3	7.6	2.3	15.2
chr22:17083437-17083937	6.9	4.1	34.8	4.8	2.6	2.0	6.3	2.2	1.8	3.2	4.3	3.7	0.0	1.9
chr22:38861882-38862382	91.5	84.4	52.6	83.8	85.5	80.9	83.7	90.6	90.1	84.4	86.7	81.8	88.1	86.0
chr22:39322704-39323204	82.6	77.5	42.5	70.8	76.5	74.3	70.5	75.0	79.0	76.6	79.5	67.9	78.8	59.8
chr22:50962109-50962609	91.2	94.1	54.3	77.3	91.5	91.5	85.5	95.1	92.0	89.4	89.4	93.5	95.2	88.8
chr3:130235990-130236490	9.0	2.5	25.2	5.4	1.9	2.8	3.0	3.6	1.9	2.6	5.9	6.5	2.4	0.8
chr3:132439714-132440214	85.4	84.9	30.0	89.4	76.5	88.9	87.5	91.2	87.2	93.1	92.1	97.6	68.4	39.0
chr3:146187109-146187609	16.2	9.1	40.4	5.2	2.6	2.2	11.9	8.8	7.5	5.5	4.0	2.1	3.1	3.0
chr3:153840288-153840788	5.5	5.0	69.5	7.6	9.3	10.8	5.2	10.7	3.4	5.0	16.0	24.5	12.8	22.9
chr3:172165373-172165873	15.1	11.7	33.4	16.0	11.1	14.0	14.6	9.2	10.8	13.4	9.8	15.3	9.2	16.5
chr3:184290436-184290936	90.0	92.3	41.9	87.1	83.8	93.9	92.3	96.5	92.5	92.2	91.5	89.9	93.0	92.2
chr3:27765352-27765852	9.2	7.7	30.0	8.1	4.6	7.5	7.9	3.9	3.6	5.9	9.1	11.8	7.7	19.0
chr3:49056715-49057215	94.0	94.7	45.9	90.4	90.9	92.5	91.6	93.5	95.8	91.7	89.8	80.6	84.9	79.0
chr3:73044835-73045335	90.5	95.9	55.3	85.6	87.9	88.7	87.3	86.3	90.3	89.3	94.9	89.8	92.0	87.4
chr4:1016025-1016525	96.4	96.6	21.9	79.1	93.4	92.9	83.1	94.6	94.1	91.9	91.6	87.1	94.9	33.8
chr4:1051153-1051653	79.4	77.0	39.7	80.2	90.3	87.3	87.6	89.6	86.4	90.3	85.9	86.0	89.3	50.4
chr4:11428915-11429415	5.8	6.7	72.2	5.9	4.3	28.5	5.7	5.0	1.7	3.9	19.4	2.6	2.2	8.5
chr4:140100252-140100752	90.5	88.7	54.5	83.7	82.0	80.9	83.4	84.3	84.1	87.9	89.8	88.2	91.2	54.2
chr4:2305515-2306015	89.7	87.4	25.2	71.2	88.6	93.2	90.9	90.4	90.9	92.6	86.0	85.4	87.3	61.9
chr4:55990903-55991403	5.5	5.2	24.2	5.2	3.5	4.7	6.5	5.5	3.5	7.3	11.1	10.1	5.9	6.2
chr4:6782873-6783373	87.9	91.9	45.4	85.5	79.5	84.4	87.1	88.7	74.7	88.2	91.7	96.0	90.5	87.2
chr4:74809870-74810370	8.9	4.5	34.1	4.1	5.7	3.4	4.3	7.5	3.8	2.9	7.3	13.7	1.2	5.8
chr4:74864114-74864614	8.8	5.6	84.9	12.7	8.5	2.5	12.4	5.4	1.1	4.1	8.1	16.7	2.8	7.6
chr4:9535267-9535767	84.7	92.0	22.9	94.1	75.5	88.8	94.5	93.0	91.5	93.8	88.7	80.4	90.8	64.5
chr5:1073561-1074061	92.2	91.7	69.0	89.0	91.2	93.1	88.6	89.4	92.3	94.0	90.8	94.2	86.5	28.3
chr5:141262989-141263489	6.1	4.3	33.2	7.7	3.3	2.6	6.6	6.4	6.8	0.8	8.2	6.8	5.8	6.8
chr5:142781572-142782072	0.7	1.7	35.9	2.3	0.9	15.4	4.6	4.9	0.5	3.6	4.2	1.5	0.7	2.1
chr5:176518658-176519158	94.4	94.5	55.2	82.4	89.3	95.1	94.6	94.6	97.1	96.1	91.2	94.4	94.5	95.3
chr5:76327121-76327621	91.0	90.1	43.5	89.5	79.6	87.5	90.1	90.7	95.2	94.2	93.5	91.8	93.7	15.3
chr5:79553870-79554370	94.5	84.6	28.2	79.8	86.1	88.0	87.6	91.3	85.0	84.9	89.8	89.3	78.2	70.8
chr5:79785136-79785636	89.2	87.8	50.1	85.4	82.2	94.2	85.1	86.5	93.4	90.4	89.8	89.0	89.6	17.1
chr6:106429112-106429612	12.4	9.6	65.4	22.8	9.0	4.1	13.7	5.0	3.5	8.6	4.3	2.1	1.3	49.1
chr6:168772638-168773138	86.8	94.4	63.2	89.1	90.7	89.8	87.6	91.0	90.9	95.9	85.0	83.8	91.5	82.8
chr6:26240698-26241198	11.5	1.5	48.1	1.3	6.9	0.5	1.2	1.0	0.7	4.0	4.1	4.3	0.3	0.1
chr6:28753870-28754370	4.0	3.7	43.9	5.7	0.8	4.5	5.3	2.7	1.7	3.2	9.3	14.8	3.6	74.2
chr6:28956107-28956607	25.0	22.9	53.6	12.6	15.3	18.8	24.1	21.0	14.9	16.8	11.9	19.7	20.5	3.9
chr6:31830800-31831300	5.3	2.4	38.4	6.6	2.6	1.9	1.4	1.9	3.1	2.4	2.4	0.5	3.4	2.5
chr6:36392071-36392571	96.8	93.6	58.9	91.2	90.8	94.3	82.6	94.9	95.9	91.4	93.4	95.6	93.4	40.1
chr7:12151221-12151721	5.5	5.6	73.6	3.9	5.6	2.4	5.5	2.6	2.3	3.4	4.7	5.5	0.4	35.3
chr7:130132518-130133018	62.4	55.1	90.7	57.1	52.4	51.3	51.6	54.5	52.9	44.5	58.9	53.2	52.9	46.6
chr7:150068670-150069170	97.0	95.9	14.9	89.1	95.4	91.3	95.5	95.4	95.1	90.3	96.7	98.4	94.6	92.3
chr7:2101669-2102169	97.0	97.3	77.3	92.5	94.9	94.5	97.6	97.3	96.2	90.4	93.2	93.3	94.7	94.1
chr7:25900214-25900714	15.2	22.8	73.7	12.5	14.1	21.5	15.5	17.5	8.0	13.9	14.3	12.8	9.3	3.5
chr7:27252682-27253182	24.3	9.8	68.0	7.0	14.0	26.2	17.4	10.5	8.2	14.8	9.0	21.5	6.8	62.9
chr7:329259-329759	16.4	22.0	79.6	26.8	13.9	12.7	16.1	8.3	9.9	17.3	16.9	22.7	13.9	24.3
chr7:39015544-39016044	3.2	3.8	21.9	3.7	2.3	3.3	5.1	1.3	2.1	1.8	6.3	5.5	1.9	13.2
chr7:852961-853461	1.6	5.8	58.1	23.4	5.2	3.3	2.4	4.7	2.5	17.2	5.2	3.8	6.1	4.4
chr7:94138032-94138532	83.4	86.4	20.0	89.0	82.9	92.8	79.3	90.6	92.0	86.8	87.2	92.4	90.8	83.8
chr7:959725-960225	88.6	91.6	16.7	82.1	91.2	81.1	87.9	85.3	89.8	88.8	92.1	84.4	89.7	36.0
chr8:1113559-1114059	9.9	7.2	44.3	7.0	14.3	15.6	10.7	9.3	9.7	13.1	5.3	11.5	0.3	12.6
chr8:11726560-11727060	91.6	92.8	22.9	72.5	83.4	88.0	83.6	92.6	85.2	83.3	89.0	87.0	90.6	46.2
chr8:142984424-142984924	94.2	91.4	25.6	84.5	83.3	94.8	84.9	94.4	92.0	95.3	89.6	95.2	92.9	41.9
chr8:24771409-24771909	19.6	10.0	47.5	8.2	10.3	4.8	17.3	6.1	5.1	11.6	16.0	14.6	7.1	23.3
chr8:27449752-27450252	11.0	6.7	68.3	23.6	14.2	3.5	3.2	3.1	3.6	5.4	1.9	2.1	0.9	1.5
chr8:4852469-4852969	5.5	4.4	22.6	6.5	2.3	5.7	9.1	3.4	6.8	4.6	5.4	7.8	5.4	12.9
chr8:55367181-55367681	7.5	2.0	20.6	1.5	2.7	6.4	5.5	2.9	1.5	3.9	2.3	1.9	0.3	21.6
chr9:126135197-126135697	15.0	9.4	74.0	15.6	13.2	13.7	15.0	23.7	29.3	36.0	12.0	17.7	14.7	41.3
chr9:130674547-130675047	96.0	92.6	68.0	96.9	94.4	95.3	96.0	97.5	96.1	95.3	94.3	95.9	95.3	93.4
chr9:37467315-37467815	95.0	94.8	28.8	84.6	93.0	84.8	96.4	93.7	96.0	94.1	91.8	89.1	91.9	14.9
chr9:707022-707522	1.6	2.1	67.4	1.4	0.2	6.9	2.6	2.5	9.5	0.6	9.0	3.1	1.9	0.5
chr1:10707811-10708311	96.0	93.7	91.0	92.0	94.4	94.5	70.1	96.5	87.5	95.4	91.6	93.3	97.4	79.9
chr1:1563588-1564088	95.6	96.1	95.2	92.4	95.7	95.4	74.9	93.9	93.6	92.7	89.7	92.1	90.9	91.4
chr1:2359927-2360427	94.1	89.7	79.8	91.9	83.3	91.2	50.0	87.8	88.1	93.8	92.1	95.6	94.7	54.5
chr1:3321770-3322270	88.9	91.3	94.9	91.9	93.4	92.1	67.1	97.1	94.5	94.8	87.4	86.6	92.8	52.7
chr1:35587832-35588332	95.2	85.0	91.2	84.0	87.3	93.4	54.9	87.1	88.2	95.3	88.9	86.1	94.2	86.9
chr1:3607097-3607597	95.6	92.7	92.4	94.8	90.4	91.6	59.5	93.7	93.3	92.1	92.9	90.4	92.4	40.0
chr10:5567123-5567623	96.1	96.3	97.5	95.2	92.4	93.7	60.1	97.5	95.9	94.5	90.0	87.3	95.8	93.4
chr11:120008047-120008547	95.1	93.3	95.4	95.4	90.1	94.8	55.0	96.6	92.7	93.4	89.7	90.8	95.1	25.6
chr11:72532113-72532613	95.7	84.3	83.1	82.3	88.5	86.8	40.7	88.7	87.6	77.2	94.8	95.6	92.8	70.6
chr12:64783011-64783511	88.6	90.5	89.4	86.5	86.9	89.6	66.5	92.2	83.4	91.5	91.4	88.2	93.5	57.8
chr13:113672202-113672702	95.3	91.2	93.5	89.9	91.8	88.1	56.6	93.0	85.5	82.4	90.5	91.4	90.3	49.6
chr13:25320169-25320669	5.2	9.7	20.2	3.3	2.4	2.0	48.2	5.7	8.8	3.8	3.9	9.3	3.4	22.5
chr13:30088559-30089059	87.7	91.6	91.7	91.0	87.7	87.6	57.5	90.5	87.9	86.8	93.0	91.2	88.5	57.0
chr14:105851252-105851752	95.1	96.7	96.7	95.3	93.1	96.8	74.4	96.6	96.1	93.7	94.6	95.0	91.0	85.9
chr14:91738910-91739410	95.7	90.4	95.3	94.8	95.4	96.1	71.4	94.6	95.7	96.0	91.6	94.3	88.4	92.1
chr15:74290345-74290845	96.5	88.9	96.3	94.8	90.0	94.6	58.7	85.9	85.4	94.9	94.5	94.7	87.1	84.1
chr16:12210656-12211156	96.1	95.1	96.4	94.5	95.2	97.3	64.2	96.4	96.4	96.8	92.9	91.9	95.1	95.0
chr16:1397545-1398045	94.3	93.3	93.7	92.7	85.3	90.8	57.5	92.3	92.4	83.2	90.4	91.2	87.1	39.3
chr16:1704367-1704867	97.0	95.8	95.5	93.1	93.7	94.0	48.1	93.3	93.9	87.3	92.8	93.1	87.1	90.4
chr16:1838722-1839222	80.6	82.0	87.2	79.7	83.2	77.2	45.5	81.9	76.6	75.2	86.9	79.0	82.6	73.8
chr16:2546265-2546765	96.5	95.8	96.0	94.8	94.0	94.3	66.7	95.6	96.0	93.1	93.0	96.8	93.2	92.9
chr16:85407315-85407815	94.2	91.6	93.8	92.6	94.6	96.0	69.9	95.9	96.2	95.0	88.2	90.4	90.5	92.5
chr17:40699165-40699665	90.4	90.1	93.3	90.3	83.0	86.2	63.4	89.7	90.9	88.6	92.5	90.6	84.0	45.6
chr17:77921222-77921722	95.9	93.3	94.9	93.5	93.7	94.8	62.6	94.1	96.0	90.9	88.6	89.5	94.2	93.3
chr17:79131880-79132380	93.8	89.2	86.8	88.7	88.1	91.9	56.3	92.2	89.9	79.3	88.0	88.9	90.4	30.7
chr17:9065653-9066153	88.5	80.5	90.7	87.9	89.6	93.1	48.9	86.6	89.4	91.9	91.5	95.0	90.2	50.9
chr18:21978276-21978776	89.5	87.0	79.0	84.1	84.3	81.3	44.8	87.1	92.0	88.0	93.5	86.3	76.8	67.2
chr19:1117271-1117771	95.8	93.9	93.5	92.0	94.1	91.1	62.0	94.5	93.4	90.8	92.3	92.6	92.9	83.8
chr19:16178397-16178897	88.3	90.9	91.5	84.2	80.4	89.1	44.5	90.0	89.3	85.2	94.5	92.0	93.3	87.9
chr19:18963636-18964136	95.1	93.8	93.2	93.4	89.4	89.7	75.2	95.7	91.1	90.0	94.9	96.0	93.4	56.3
chr19:5789900-5790400	92.1	89.9	86.7	87.5	81.0	85.1	53.7	87.6	90.3	81.8	90.4	95.6	89.8	67.0
chr2:120005515-120006015	96.0	95.7	96.5	94.1	93.8	96.8	72.2	96.8	97.6	95.5	93.0	96.4	95.2	94.7
chr2:242676154-242676654	90.6	96.2	92.1	92.7	93.6	92.6	71.2	91.6	95.4	92.7	89.3	87.3	90.9	92.0
chr20:62326014-62326514	96.5	96.7	95.1	94.8	95.4	94.5	58.6	92.1	93.1	91.8	96.5	97.5	94.8	86.4
chr21:44830846-44831346	93.5	88.1	88.7	91.0	79.8	85.6	63.6	88.4	89.8	88.6	89.7	91.9	88.7	69.7
chr22:29445704-29446204	90.6	94.9	84.6	89.6	90.7	89.2	68.0	95.2	94.0	87.3	91.3	92.9	90.4	31.7
chr22:40417354-40417854	93.5	91.3	94.3	91.6	92.3	89.3	56.5	87.2	85.7	90.6	91.3	89.1	91.3	73.6
chr22:41634521-41635021	95.5	94.3	80.1	92.9	96.9	97.1	49.2	92.7	95.0	90.2	93.2	97.3	93.1	51.1
chr3:49939600-49940100	94.9	93.1	92.3	93.5	94.2	92.3	59.8	96.8	96.0	89.6	94.9	89.2	94.4	93.7
chr6:10381559-10382059	8.2	5.9	12.8	5.5	7.9	8.2	55.2	3.6	6.1	9.7	7.0	12.8	1.0	57.2
chr6:10390539-10391039	10.2	9.2	18.5	7.1	5.8	10.8	49.0	8.5	5.3	5.6	9.8	12.5	7.2	54.8
chr6:10422110-10422610	9.1	4.3	10.4	6.4	4.5	6.7	49.9	8.4	5.0	5.4	8.9	16.0	6.0	63.0
chr6:159589637-159590137	11.5	7.6	7.4	7.3	3.0	5.3	38.4	5.3	3.9	15.7	10.5	9.6	6.1	3.2
chr6:50813143-50813643	15.7	9.5	19.1	6.6	5.4	11.6	53.2	6.2	3.7	8.0	13.4	21.4	8.6	57.9
chr7:157700997-157701497	88.8	85.4	90.9	87.4	84.7	86.5	57.3	77.0	86.4	81.9	86.0	90.2	90.1	48.5
chr7:223049-223549	88.9	87.9	83.0	79.3	86.0	86.7	47.1	82.8	82.0	80.6	86.4	81.6	88.1	57.9
chr7:4802118-4802618	95.6	94.3	96.0	95.2	95.8	91.8	65.6	96.1	95.8	92.6	91.9	93.0	95.0	84.2
chr8:145008909-145009409	92.8	89.9	82.6	91.3	88.5	85.7	49.0	84.2	87.3	88.6	84.6	83.2	92.7	88.0
chr8:24858510-24859010	4.6	2.2	11.1	2.4	4.6	4.1	25.3	2.4	2.4	2.4	3.8	4.5	0.0	26.5
chr8:72469061-72469561	7.3	6.6	4.5	6.0	3.0	8.0	23.1	3.9	7.4	8.0	5.0	8.5	4.1	35.4
chr9:133306594-133307094	94.5	93.9	95.0	95.2	88.8	95.2	71.5	94.7	95.3	93.0	92.2	92.0	93.2	87.4
chr9:140708853-140709353	97.2	85.4	97.2	97.3	96.2	94.7	57.2	93.8	97.6	90.8	96.0	95.9	95.9	94.4
chr9:39078690-39079190	3.6	7.9	8.5	6.5	3.4	16.0	46.4	18.2	7.7	11.2	9.6	6.2	4.8	3.1
chr1:228566450-228566950	3.8	6.6	2.1	4.4	1.5	0.6	2.4	0.5	23.0	3.5	2.2	2.9	0.7	0.5
chr13:113383599-113384099	93.0	88.2	93.9	91.6	86.4	91.0	93.0	89.4	58.9	94.9	95.4	93.0	95.5	78.9
chr13:113474424-113474924	96.7	92.0	95.4	93.1	89.4	94.4	92.4	93.5	72.3	94.6	94.7	96.4	94.2	79.1
chr16:84085867-84086367	93.9	92.1	93.6	91.2	89.5	90.3	89.8	90.6	66.7	82.0	87.2	90.5	93.0	78.7
chr17:27942799-27943299	4.7	1.2	1.2	2.0	3.3	2.6	7.4	3.1	26.6	4.3	3.3	2.8	1.1	16.5
chr17:80788869-80789369	98.0	96.8	94.0	95.1	94.2	96.1	95.9	89.7	73.5	95.4	96.8	95.1	97.0	93.6
chr18:55923488-55923988	97.0	96.7	94.9	94.2	97.2	96.6	96.4	95.7	70.2	95.2	92.0	95.0	94.5	93.8
chr2:152117384-152117884	0.3	2.2	0.5	1.0	1.0	2.3	0.8	0.7	23.0	4.1	1.3	0.0	0.7	3.7
chr3:46853728-46854228	10.4	7.0	8.5	5.8	3.5	8.7	4.4	2.4	29.3	11.8	8.2	6.7	3.2	1.4
chr4:186545255-186545755	95.4	92.3	96.5	92.6	94.3	96.8	93.7	94.2	72.1	95.1	88.6	92.7	96.0	50.9
chr5:1091580-1092080	90.3	89.8	91.8	86.0	92.2	91.4	89.3	93.0	70.4	89.1	92.6	87.6	91.8	68.5
chr5:153859557-153860057	9.9	6.6	18.3	7.8	11.6	10.4	7.1	9.5	39.1	4.4	8.4	5.8	7.4	1.3
chr6:53516820-53517320	1.4	2.2	0.8	1.8	0.7	1.5	1.3	3.7	20.8	2.1	2.0	4.4	3.1	0.6
chr8:639394-639894	95.5	87.6	92.7	93.7	91.8	93.3	90.7	93.3	74.5	87.4	91.6	91.8	92.9	92.7
chr1:110210582-110211082	47.1	6.7	11.7	3.0	3.3	2.2	5.7	3.4	3.7	3.6	9.8	7.6	1.7	19.0
chr1:11899394-11899894	56.7	93.3	90.0	93.0	88.1	86.1	90.9	92.4	91.6	88.6	84.0	90.8	93.5	92.9
chr1:148248110-148248610	24.6	9.9	7.8	4.1	4.6	8.6	10.5	5.9	8.7	8.4	4.5	6.8	8.5	1.7
chr1:155264819-155265319	51.1	5.6	23.1	9.5	6.6	7.3	10.1	4.1	3.3	7.3	11.5	15.1	4.9	15.6
chr1:158150934-158151434	22.3	1.9	5.6	1.9	1.4	1.0	2.8	1.4	1.2	1.8	3.2	1.4	1.1	6.3
chr1:17027184-17027684	48.9	5.3	2.4	2.2	15.2	6.2	3.9	4.1	2.8	7.5	4.0	4.9	2.0	2.9
chr1:173836173-173836673	40.6	7.4	2.2	3.5	3.4	5.2	3.8	7.1	15.0	10.4	2.4	2.7	5.6	1.1
chr1:203598472-203598972	46.4	0.6	1.1	0.9	4.3	4.1	0.9	0.6	0.8	1.3	0.1	0.0	0.4	0.1
chr1:21115709-21116209	74.1	94.1	92.0	91.1	94.4	92.9	96.4	95.2	95.6	95.1	88.7	93.4	93.4	91.9
chr1:26686517-26687017	29.6	3.7	2.8	3.0	6.3	7.1	3.1	3.1	1.8	7.7	7.7	2.8	6.8	1.6
chr1:32666732-32667232	26.9	3.7	3.2	1.4	2.5	0.8	1.8	1.2	1.0	3.7	0.7	0.0	1.0	43.4
chr1:33360970-33361470	60.9	93.0	81.8	87.5	89.6	92.0	92.9	94.7	93.8	91.0	88.1	85.7	89.4	92.6
chr1:45251861-45252361	32.3	3.7	1.8	2.5	2.6	1.2	3.0	1.7	3.8	2.4	3.0	0.5	0.2	3.1
chr1:47489227-47489727	43.7	2.8	1.2	2.6	2.3	3.4	2.3	2.2	0.9	1.4	9.2	10.4	2.2	1.6
chr1:47910213-47910713	22.4	5.0	0.8	2.6	6.6	3.9	3.2	5.6	2.5	7.2	2.4	4.0	1.0	0.8
chr1:64937055-64937555	29.0	2.5	1.4	2.3	0.7	3.5	2.4	3.8	6.7	2.6	10.8	5.6	3.2	1.3
chr10:102882978-102883478	55.3	2.1	1.3	1.3	7.8	2.7	1.3	3.4	2.7	2.7	2.1	4.2	1.8	2.6
chr10:106028043-106028543	46.1	5.2	7.4	6.9	13.1	8.4	7.6	6.8	6.2	1.7	2.5	7.0	9.2	12.6
chr10:113942784-113943284	40.7	9.1	3.2	4.6	3.4	10.4	5.6	7.5	6.7	3.7	8.6	10.3	8.1	4.1
chr10:12235833-12236333	67.1	95.8	93.7	92.6	94.2	93.9	89.8	92.1	94.5	93.6	89.8	93.2	94.8	76.6
chr10:126431315-126431815	36.8	6.0	1.1	5.2	13.1	3.6	4.9	9.2	6.6	0.5	9.5	8.2	8.8	6.5
chr10:13342878-13343378	58.2	97.0	95.5	96.5	89.7	96.9	96.6	98.1	97.5	96.2	94.5	93.8	95.1	92.2
chr10:135171646-135172146	34.3	84.2	87.3	80.4	89.7	75.9	84.3	73.6	76.6	85.7	84.7	88.6	83.1	83.4
chr10:88731040-88731540	43.9	6.1	1.6	3.9	2.5	5.7	5.4	9.1	4.3	5.6	0.9	0.8	0.0	2.1
chr10:91009826-91010326	56.3	96.5	86.0	91.1	92.9	87.7	94.9	96.8	96.7	82.7	92.4	96.3	95.8	88.5
chr10:97803872-97804372	28.1	0.6	0.4	1.2	0.4	0.4	1.8	1.1	2.1	0.7	2.8	2.8	1.1	9.7
chr11:116451160-116451660	45.2	6.7	7.4	4.3	6.6	8.5	3.9	12.5	4.1	4.1	6.0	1.4	3.8	32.9
chr11:116660912-116661412	44.3	92.1	92.3	87.3	81.5	84.1	87.5	89.2	84.0	89.9	87.6	89.5	92.6	65.4
chr11:134202285-134202785	25.7	3.2	1.3	4.2	2.1	7.9	5.5	4.4	2.6	11.2	5.2	6.9	4.4	14.1
chr11:2164952-2165452	43.4	1.5	1.8	2.0	2.4	5.1	2.1	3.3	1.6	2.9	1.4	2.2	2.0	1.1
chr11:47662578-47663078	50.7	90.9	81.8	87.8	83.4	90.5	87.1	94.0	92.9	80.0	89.7	90.6	91.2	76.3
chr11:60682553-60683053	45.0	1.2	1.4	1.1	0.5	1.1	1.0	2.6	3.9	8.5	0.8	1.0	4.9	3.2
chr11:661455-661955	75.9	94.5	92.2	94.6	91.2	92.4	92.9	96.3	93.8	91.7	92.3	95.3	96.7	93.3
chr11:68156810-68157310	75.2	97.4	97.6	94.3	93.2	94.2	98.7	97.4	95.4	95.4	89.0	93.9	95.9	93.5
chr11:68622609-68623109	39.5	3.2	1.0	1.5	2.9	3.1	1.9	1.5	1.4	1.9	2.0	2.7	0.8	1.2
chr11:68673608-68674108	61.4	96.1	96.1	94.6	94.2	96.4	95.0	93.9	95.7	92.9	93.5	93.2	94.9	42.8
chr11:68778570-68779070	48.9	12.2	7.7	10.8	14.5	18.3	10.0	12.9	21.2	10.8	15.7	18.2	16.0	6.6
chr11:69258150-69258650	40.2	1.7	1.8	0.6	4.2	0.6	1.4	0.0	1.2	0.4	0.8	1.4	0.9	1.9
chr11:71936248-71936748	32.4	4.4	5.6	9.1	8.2	7.9	3.4	4.0	4.6	10.2	0.9	0.9	0.0	7.4
chr11:75945904-75946404	41.8	3.0	2.6	3.3	7.5	0.5	0.7	0.3	0.6	0.4	3.0	0.3	0.5	4.2
chr11:7695212-7695712	42.4	11.9	2.1	6.9	15.2	18.1	6.1	7.9	9.9	9.5	14.5	6.6	10.1	36.4
chr11:77122737-77123237	44.8	4.2	4.5	3.0	9.6	7.5	2.6	4.5	6.0	1.2	0.6	1.7	0.5	23.5
chr12:118572731-118573231	51.2	89.2	77.8	87.1	81.4	88.5	87.5	91.3	90.8	84.4	79.5	88.4	89.9	53.5
chr12:21809989-21810489	40.4	0.6	0.8	1.4	2.6	0.7	0.5	0.5	0.1	0.1	0.1	0.0	0.6	0.6
chr12:56123518-56124018	40.3	0.4	1.2	2.8	3.8	1.6	1.0	1.1	3.1	0.5	1.0	0.0	0.9	43.8
chr12:57120478-57120978	64.9	92.2	95.0	96.9	89.7	96.0	96.2	97.6	96.9	92.3	92.4	98.2	91.1	92.8
chr12:98897105-98897605	29.4	0.2	0.2	0.7	0.2	0.2	0.1	0.6	0.5	0.0	0.2	0.7	1.5	0.0
chr13:111296167-111296667	50.3	84.9	90.9	90.0	80.4	86.2	80.3	83.0	88.1	89.6	87.2	92.7	76.9	86.9
chr13:114896859-114897359	33.0	1.2	1.5	2.2	4.0	5.1	1.1	0.0	1.0	0.4	0.2	1.0	0.5	6.2
chr13:31249189-31249689	49.9	91.8	89.5	92.2	86.6	89.7	88.4	89.7	86.6	84.0	92.9	90.1	91.3	32.9
chr13:99127040-99127540	68.9	94.3	86.1	90.9	91.2	89.5	86.4	93.0	93.2	95.6	92.1	92.3	90.8	93.2
chr14:24835811-24836311	29.7	1.4	0.6	2.0	1.4	0.7	2.0	3.2	2.6	4.4	3.6	0.5	1.4	0.1
chr14:38067146-38067646	58.3	6.9	2.6	13.4	20.1	12.7	8.5	6.6	3.7	7.7	7.7	13.0	3.1	19.3
chr14:54423178-54423678	29.1	2.9	1.1	2.0	12.5	0.0	1.8	4.1	3.1	4.3	1.6	3.4	1.5	0.5
chr14:62217726-62218226	51.6	0.9	0.7	1.4	1.3	3.9	1.2	8.1	2.2	10.7	0.4	0.3	0.5	0.6
chr14:64805610-64806110	20.7	2.5	0.4	0.8	0.7	1.4	0.7	1.9	1.5	1.3	2.2	2.9	2.1	0.6
chr14:75746184-75746684	22.1	5.4	4.0	4.9	2.7	4.6	4.2	3.1	6.6	0.7	7.2	4.0	2.4	7.2
chr15:52820334-52820834	20.4	3.7	3.2	2.5	0.5	2.7	1.9	0.8	2.4	0.6	1.0	1.6	1.2	2.1
chr16:19194884-19195384	50.8	90.1	96.9	94.3	81.4	92.7	93.6	92.9	93.5	95.1	89.7	91.1	89.7	92.0
chr16:23690392-23690892	30.1	5.3	1.0	0.8	12.3	1.9	1.3	5.0	5.3	6.4	0.6	0.6	0.7	1.4
chr16:2522108-2522608	42.7	89.4	82.2	87.5	84.2	83.7	90.7	90.3	84.2	79.5	91.3	93.5	90.3	88.4
chr16:30615778-30616278	53.1	93.9	94.1	86.4	93.1	92.1	94.6	97.3	95.1	80.7	94.3	95.1	93.5	91.4
chr16:30671608-30672108	45.4	11.2	8.8	10.3	9.3	9.5	7.7	11.3	16.1	12.3	2.9	3.4	6.9	44.4
chr16:3202153-3202653	22.5	1.8	1.7	1.0	1.4	0.7	2.5	2.8	2.0	2.7	1.9	3.5	1.2	0.6
chr16:3313447-3313947	46.6	21.9	20.3	25.3	25.3	26.8	24.4	23.2	23.0	22.4	14.6	20.8	22.6	2.7
chr16:51147491-51147991	44.3	3.5	14.9	3.1	8.7	3.2	4.7	6.8	4.1	12.4	4.7	3.4	3.0	18.0
chr16:55866148-55866648	39.1	73.9	90.8	84.0	81.9	83.5	86.2	84.4	87.3	87.9	88.3	89.2	91.4	58.4
chr16:56484366-56484866	29.1	5.3	10.7	3.2	7.3	5.2	3.1	6.0	3.6	4.9	4.2	8.5	8.4	13.1
chr16:69760294-69760794	23.1	0.7	0.5	0.6	2.0	0.0	0.7	0.5	1.0	0.2	0.2	0.8	0.0	1.9
chr16:85783863-85784363	21.3	1.2	1.7	0.7	6.3	6.2	0.7	0.6	1.0	1.2	2.5	0.0	0.7	0.1
chr16:87982902-87983402	49.5	92.0	94.9	93.2	81.9	82.8	92.1	92.2	90.1	88.5	93.9	91.1	91.7	28.9
chr16:88557855-88558355	51.2	84.0	95.3	87.1	87.5	95.3	92.4	88.4	87.8	93.9	89.3	95.5	79.7	82.3
chr16:88949428-88949928	51.2	96.1	84.3	92.3	93.5	93.0	89.1	98.0	95.4	90.6	95.5	94.1	93.6	55.5
chr17:19435789-19436289	57.5	88.7	89.0	88.5	79.0	86.8	92.6	87.6	82.9	89.5	80.5	87.0	87.2	83.6
chr17:26696360-26696860	41.3	87.3	89.3	89.6	87.8	88.1	83.7	92.1	88.9	90.4	91.4	92.4	93.1	58.6
chr17:27493204-27493704	73.9	95.1	96.2	95.0	92.1	88.1	94.4	97.1	94.2	90.1	92.3	96.5	95.0	94.3
chr17:42084528-42085028	41.1	3.3	1.1	11.8	2.4	4.0	0.9	0.5	0.7	5.3	1.7	1.7	3.7	1.5
chr17:7819439-7819939	33.8	11.6	14.7	10.8	13.6	10.5	6.8	10.5	8.0	3.7	14.6	11.7	11.4	7.9
chr17:7826128-7826628	25.4	3.2	3.5	2.5	2.5	2.3	1.5	1.1	1.7	2.8	3.9	5.5	3.1	1.1
chr17:80053055-80053555	54.5	89.7	92.8	93.9	91.7	90.0	91.0	85.9	92.7	85.1	93.1	89.2	92.2	92.6
chr18:77138798-77139298	55.4	31.3	32.5	31.6	32.2	35.6	28.7	30.4	28.8	28.0	27.4	38.2	32.8	22.1
chr18:77708770-77709270	44.1	90.0	88.6	91.1	80.3	89.0	89.4	87.7	89.8	90.3	90.3	81.3	90.3	91.9
chr18:78004029-78004529	40.2	11.7	14.1	11.7	15.2	16.2	8.5	10.8	13.5	5.5	15.9	12.0	10.6	21.5
chr19:1028312-1028812	20.2	1.1	0.8	0.5	0.7	2.1	0.8	0.4	1.0	3.6	0.3	0.8	0.0	0.1
chr19:11312572-11313072	66.5	94.1	92.5	91.9	92.4	94.6	92.8	94.9	95.1	95.1	90.8	95.1	96.0	70.3
chr19:11450017-11450517	39.0	1.4	1.0	1.7	0.5	2.9	0.6	0.8	1.3	1.0	2.1	1.4	0.7	4.1
chr19:11784543-11785043	56.4	4.8	21.5	9.0	5.5	7.5	8.8	3.9	2.7	2.1	10.4	4.3	4.4	13.6
chr19:12075530-12076030	20.8	1.5	0.8	1.3	3.6	1.4	1.4	2.4	0.8	1.1	1.1	0.8	2.8	2.3
chr19:12707197-12707697	61.2	94.8	93.7	94.9	92.5	87.4	92.2	97.9	91.3	90.7	94.7	93.5	90.8	91.6
chr19:15662114-15662614	37.2	4.1	5.1	6.4	3.1	4.3	5.2	2.3	3.2	2.7	1.8	7.2	1.5	3.0
chr19:17346666-17347166	29.9	0.9	0.7	3.9	12.3	1.8	1.0	1.9	1.4	3.7	0.3	0.0	0.5	11.0
chr19:3121995-3122495	39.1	93.1	83.1	86.1	89.4	89.1	83.3	92.2	91.4	91.6	85.4	80.9	94.0	72.4
chr19:35491652-35492152	37.8	0.3	0.3	0.9	6.4	0.8	1.4	0.8	1.3	1.3	0.1	0.6	1.4	0.6
chr19:36389546-36390046	42.9	2.5	0.7	3.0	0.5	3.3	1.7	1.8	12.0	4.1	0.4	4.3	5.9	51.7
chr19:3659142-3659642	62.7	95.2	95.2	91.8	92.6	91.2	92.2	96.5	94.0	89.2	93.4	92.8	95.7	90.5
chr19:42901017-42901517	21.8	0.3	0.4	0.4	0.5	0.2	0.3	0.0	0.5	0.0	0.2	0.9	0.4	0.2
chr19:43968248-43968748	30.0	6.6	5.3	3.8	7.4	6.7	6.4	2.3	4.8	5.2	10.2	9.3	9.5	15.8
chr19:43979360-43979860	22.8	2.2	0.6	1.2	2.3	1.4	2.4	4.7	1.3	1.9	0.9	6.5	1.8	2.9
chr19:44763979-44764479	27.1	5.6	0.9	1.6	2.7	2.9	4.4	5.2	2.8	3.8	8.9	8.3	1.2	12.7
chr19:47613909-47614409	49.2	0.5	0.4	1.2	7.6	3.5	1.0	0.5	7.6	4.2	0.0	0.0	0.6	64.0
chr19:58858454-58858954	38.9	1.8	13.3	1.6	1.4	1.2	3.7	2.3	1.9	1.7	1.3	0.8	0.6	5.1
chr19:6740740-6741240	46.0	0.9	1.4	1.4	1.4	2.2	3.5	3.7	3.6	4.2	7.5	0.0	0.5	0.3
chr2:121334309-121334809	39.2	6.8	2.0	6.2	12.6	16.3	1.9	3.6	3.2	6.9	9.0	8.9	5.7	4.3
chr2:128180295-128180795	40.9	2.8	1.1	2.3	5.9	1.5	4.1	3.5	2.0	3.0	4.5	7.7	0.8	2.8
chr2:12858626-12859126	28.2	1.7	6.5	1.2	12.5	1.3	0.4	4.1	0.9	2.5	0.5	2.6	2.2	4.4
chr2:161263372-161263872	24.2	0.2	0.8	0.6	0.6	0.8	0.9	0.0	0.4	0.6	0.2	0.0	0.0	0.1
chr2:216877400-216877900	51.1	12.0	2.5	6.1	2.2	3.6	4.3	4.2	17.9	0.2	9.6	2.5	1.0	3.1
chr2:233791784-233792284	44.8	1.9	2.3	4.0	21.3	1.5	2.7	1.9	2.4	2.3	4.3	4.9	2.2	6.4
chr2:24299970-24300470	29.7	1.0	0.7	2.1	1.9	1.3	3.1	10.6	6.8	6.1	7.9	2.2	1.0	2.6
chr2:44058766-44059266	46.2	5.5	2.2	4.5	4.1	5.0	3.7	2.9	3.4	2.6	6.1	10.5	2.7	6.4
chr2:74781995-74782495	22.1	1.5	0.5	1.7	1.1	1.3	9.4	0.9	2.0	3.4	0.2	0.0	1.0	0.6
chr20:1784325-1784825	29.4	4.4	4.1	2.7	3.9	8.6	3.1	4.7	4.2	0.5	2.4	1.7	0.0	0.9
chr20:44539730-44540230	22.8	2.3	2.3	0.9	3.2	0.0	2.2	1.7	1.6	1.1	3.8	3.6	0.6	1.8
chr20:45440085-45440585	49.1	11.8	6.7	8.3	14.4	17.5	11.6	17.7	11.8	12.3	11.0	22.1	12.4	11.0
chr20:6750553-6751053	47.0	2.5	2.2	2.7	15.7	2.4	3.1	3.5	2.1	2.6	7.7	11.2	1.3	9.2
chr20:814621-815121	21.2	1.3	1.3	0.9	4.2	3.9	1.5	2.7	4.9	1.9	0.8	3.5	0.8	6.7
chr21:32931928-32932428	63.2	9.8	9.8	4.5	3.8	6.3	4.3	6.1	5.3	5.4	10.0	4.8	4.0	3.6
chr21:44904962-44905462	68.0	96.2	95.1	93.7	89.2	93.6	95.9	95.4	97.2	95.6	90.6	90.6	93.5	94.3
chr21:45876392-45876892	45.8	93.7	92.8	92.7	82.2	94.7	91.2	93.0	94.0	90.9	89.0	95.0	91.5	81.2
chr21:46975287-46975787	34.2	3.3	1.4	1.4	1.1	0.0	0.5	1.3	0.9	0.0	2.8	1.8	1.6	4.3
chr22:37465057-37465557	53.4	8.4	1.3	4.3	11.5	6.9	7.2	5.0	2.7	6.0	13.8	6.3	5.8	20.8
chr22:38470764-38471264	70.6	93.3	94.1	93.7	92.3	91.3	91.6	91.7	95.6	85.7	91.9	91.5	95.2	93.3
chr22:41742432-41742932	68.2	97.3	94.3	96.0	94.5	92.2	93.1	95.1	97.3	91.8	96.6	95.3	93.8	93.2
chr22:42950093-42950593	33.7	14.0	7.0	13.4	13.7	11.9	12.2	7.8	14.3	13.1	15.1	14.9	10.1	29.8
chr22:50644116-50644616	42.9	94.3	92.0	91.9	89.9	89.9	91.1	88.5	89.0	82.7	93.2	96.0	93.1	78.6
chr3:147136404-147136904	60.8	18.2	22.6	10.0	17.7	16.1	23.9	15.7	14.4	22.9	17.2	17.8	12.6	41.3
chr3:170137243-170137743	46.4	4.1	4.8	4.1	5.4	4.0	5.1	1.0	2.0	2.2	4.4	9.1	2.7	0.1
chr3:197282106-197282606	47.3	0.6	0.2	0.4	0.5	0.6	0.2	0.3	0.4	0.1	0.0	0.0	0.4	0.5
chr3:46742765-46743265	37.8	8.6	3.0	5.2	5.7	5.8	4.4	5.4	14.7	1.9	6.9	11.3	1.1	14.4
chr3:53529428-53529928	45.3	2.1	1.3	1.9	5.2	1.0	1.7	1.6	1.5	0.3	3.0	0.8	1.4	9.2
chr3:55515153-55515653	51.8	4.7	1.4	4.1	1.3	16.0	4.0	13.3	1.9	5.5	5.1	3.0	0.5	60.1
chr4:10020482-10020982	37.2	4.1	1.5	1.2	1.4	1.5	1.8	3.8	1.2	1.9	0.5	6.7	0.3	0.3
chr4:126238396-126238896	28.0	2.3	11.5	1.9	2.7	1.5	4.6	2.3	1.3	1.1	3.6	8.0	0.8	14.4
chr4:1363647-1364147	44.5	96.2	96.3	94.6	76.5	95.2	95.6	97.4	96.2	95.3	96.5	97.1	96.9	93.2
chr4:15703141-15703641	68.0	92.4	93.6	91.6	92.5	94.9	93.7	95.4	95.0	95.0	93.5	90.6	88.2	92.0
chr4:185724435-185724935	57.5	93.5	96.1	95.8	94.1	98.9	97.0	92.5	86.6	95.6	95.2	96.8	97.7	95.0
chr4:76555867-76556367	58.1	13.7	9.6	13.1	23.2	11.6	18.3	17.1	14.5	5.1	14.6	12.8	21.6	12.0
chr4:985604-986104	48.5	93.9	85.0	87.8	84.8	88.0	92.6	95.6	94.5	91.1	89.8	89.0	90.7	85.3
chr5:1060045-1060545	53.8	90.9	88.5	88.1	89.5	89.1	85.4	88.5	89.2	89.4	88.9	84.4	89.3	53.7
chr5:137610106-137610606	47.0	2.3	2.9	1.9	14.3	11.6	2.3	1.0	4.4	3.5	1.3	6.8	2.3	1.5
chr5:141705250-141705750	30.7	1.1	0.9	2.2	2.2	13.4	4.5	4.4	3.8	1.0	6.7	1.6	0.5	1.1
chr5:176829424-176829924	44.5	4.6	5.9	7.1	1.7	3.0	3.8	9.0	2.5	4.9	12.9	11.6	13.5	0.6
chr6:152128323-152128823	39.2	3.3	8.1	4.5	3.8	3.4	4.5	4.7	2.0	5.5	11.4	1.3	1.2	4.4
chr6:26195571-26196071	28.5	1.5	1.1	8.7	4.8	0.9	1.3	2.2	1.1	3.2	2.4	5.4	8.4	4.6
chr6:27858167-27858667	41.8	8.2	8.5	2.4	12.8	12.0	2.7	5.4	3.1	8.3	5.2	7.6	11.7	3.6
chr6:33396093-33396593	27.3	5.3	3.2	7.3	4.4	2.2	3.0	2.6	10.7	5.0	5.9	2.2	0.8	7.7
chr6:35436811-35437311	25.6	4.0	0.3	1.8	3.5	3.4	1.4	5.3	6.3	8.5	1.5	1.4	1.1	1.1
chr6:43044545-43045045	51.3	0.8	1.1	1.7	1.3	0.2	1.9	1.9	2.1	3.7	5.5	0.7	0.0	2.6
chr7:100609737-100610237	25.9	3.0	0.2	1.1	3.2	2.1	1.5	5.6	8.6	2.8	2.5	2.6	2.2	1.5
chr7:1132126-1132626	61.4	90.6	95.5	93.7	93.1	89.7	92.6	95.1	93.8	90.2	93.8	95.8	92.1	90.4
chr7:1890831-1891331	63.5	93.7	92.3	90.7	90.0	92.0	88.9	87.0	91.7	89.0	87.7	90.0	88.7	83.7
chr7:1902763-1903263	55.6	95.4	90.6	86.8	93.0	95.6	90.5	91.9	96.6	83.8	91.7	94.9	92.6	88.6
chr7:1912040-1912540	51.9	94.5	90.7	84.6	89.6	90.9	90.9	91.8	93.2	90.1	96.3	91.5	96.1	88.3
chr7:195376-195876	43.9	93.2	91.2	83.0	91.4	84.5	87.0	87.9	89.5	83.2	89.2	89.0	93.1	55.6
chr7:306961-307461	46.7	86.3	88.5	82.8	71.2	84.8	80.1	82.9	80.7	84.0	82.2	88.7	89.3	24.3
chr7:44185271-44185771	67.3	5.1	22.0	4.8	12.4	3.2	12.2	5.9	1.8	3.1	6.6	12.5	4.5	8.6
chr7:73498599-73499099	23.4	3.8	2.6	3.8	3.7	0.7	3.1	5.2	8.2	2.1	3.4	1.4	2.3	5.5
chr8:128750251-128750751	32.6	0.6	0.5	0.3	0.2	0.0	0.2	1.3	0.6	0.2	0.3	0.0	0.8	0.0
chr8:135490787-135491287	48.4	88.3	93.0	83.7	86.0	83.4	87.7	90.4	87.1	83.0	92.9	91.1	90.2	46.7
chr8:49308564-49309064	35.5	88.5	92.4	82.3	88.6	84.8	89.7	93.1	90.8	87.6	82.5	85.0	84.7	77.0
chr8:53851702-53852202	27.6	2.0	10.0	1.7	1.6	2.2	3.1	1.8	1.7	1.4	2.5	5.4	0.6	15.4
chr9:100264676-100265176	30.4	9.3	2.1	5.4	2.1	7.0	5.0	6.2	7.2	1.8	3.2	2.5	1.3	6.6
chr9:112810859-112811359	52.3	0.8	0.8	1.1	1.4	1.5	1.6	0.7	2.3	1.2	0.1	0.0	0.5	0.1
chr9:131449973-131450473	55.2	90.5	93.1	90.3	95.1	92.3	86.6	93.5	95.6	89.0	92.7	85.0	89.0	58.2
chr9:137229227-137229727	51.2	83.9	94.9	86.8	86.9	91.8	87.0	96.4	89.1	88.0	82.7	85.2	88.3	90.6
chr9:35792324-35792824	54.1	93.4	92.8	92.4	93.8	91.2	93.2	94.5	94.5	91.5	93.6	95.4	91.0	92.9
chr14:55765301-55765801	97.8	76.1	96.0	97.8	94.9	97.7	95.7	95.9	96.3	93.4	95.8	94.2	93.1	93.6
chr17:7368924-7369424	95.2	72.6	94.3	93.1	91.1	89.3	90.8	94.3	92.9	88.5	92.1	93.1	93.1	92.6
chr19:10404604-10405104	26.4	46.6	20.7	16.5	17.8	19.4	18.0	26.3	20.9	21.4	19.4	19.5	24.3	15.7
chr2:111875207-111875707	4.8	24.7	0.6	1.0	7.2	2.9	1.0	8.5	2.0	2.5	1.3	1.1	2.7	3.0
chr6:152623280-152623780	0.1	20.8	1.2	1.1	1.2	0.2	0.6	0.8	0.7	0.1	0.0	1.4	0.0	0.1
chr7:1148180-1148680	96.2	70.8	94.2	92.7	93.6	93.9	92.9	92.1	93.8	91.2	91.4	92.7	90.2	53.8
chr1:10268516-10269016	91.3	79.6	85.9	87.4	81.5	85.2	88.3	75.8	96.0	91.2	84.8	76.0	17.4	89.6
chr1:3562464-3562964	96.3	92.3	96.8	94.8	94.5	94.1	96.9	93.3	94.4	95.2	95.8	94.1	61.9	92.5
chr10:120801662-120802162	95.7	91.6	96.2	95.4	94.9	94.3	94.7	85.8	93.1	94.7	91.9	94.6	66.4	90.4
chr11:64108823-64109323	90.1	72.8	85.7	81.6	88.4	84.1	86.9	64.8	85.3	84.7	89.6	79.6	20.9	88.4
chr11:67052395-67052895	89.7	86.5	92.3	90.9	91.0	86.2	88.8	71.3	89.3	88.5	85.5	90.1	36.1	87.0
chr12:120127474-120127974	95.9	93.9	92.7	95.5	94.0	91.8	95.3	86.6	96.5	94.3	95.0	87.3	64.3	93.2
chr12:25057100-25057600	91.8	88.2	87.3	91.3	92.0	86.1	91.4	85.8	86.4	89.8	83.5	85.1	57.4	91.7
chr13:103424299-103424799	90.1	90.5	94.1	91.3	92.4	90.6	95.9	88.9	94.3	88.4	94.0	89.4	68.7	50.3
chr13:114259192-114259692	93.1	92.8	87.8	92.3	88.8	90.7	87.0	78.2	89.3	90.8	87.1	91.3	47.1	91.8
chr15:48621186-48621686	94.3	93.7	87.3	94.6	95.0	95.0	93.4	85.2	95.6	95.2	93.5	93.1	48.3	86.6
chr16:1415893-1416393	92.1	85.5	90.8	90.7	91.6	88.4	88.6	79.7	85.3	88.0	86.0	74.1	48.3	82.2
chr16:1539426-1539926	92.6	88.6	95.0	87.7	83.0	91.5	89.2	87.9	92.2	90.7	92.1	89.5	66.7	73.8
chr16:3639593-3640093	87.7	79.4	93.9	84.3	91.5	79.1	87.7	65.2	83.2	87.3	88.0	63.5	11.6	74.1
chr16:3662621-3663121	93.5	86.2	87.2	90.5	88.5	88.2	89.9	82.9	94.0	89.5	84.0	79.4	45.3	20.7
chr16:72041348-72041848	93.5	94.0	93.1	96.5	84.8	89.1	95.6	90.7	96.0	94.3	94.7	96.7	61.9	31.1
chr16:88907176-88907676	95.4	89.5	94.8	95.7	93.1	95.9	93.2	76.2	92.9	87.5	91.4	95.2	22.7	91.6
chr16:89299775-89300275	95.1	92.0	97.5	97.9	96.5	92.7	97.0	84.9	96.5	95.0	92.5	95.2	54.2	90.6
chr17:5018206-5018706	90.6	89.2	91.5	91.9	88.9	86.5	91.9	87.2	92.0	87.6	91.5	93.1	70.3	62.1
chr17:79428348-79428848	96.1	88.9	94.1	90.1	95.0	78.4	93.1	85.9	93.7	89.3	90.9	89.6	47.7	52.5
chr17:80194925-80195425	94.8	91.0	92.7	91.8	90.1	91.1	92.0	88.1	95.7	82.1	84.0	88.0	56.9	92.5
chr18:74114552-74115052	93.3	76.9	94.0	90.2	85.9	84.0	90.6	60.1	90.8	86.5	87.8	91.8	18.0	49.3
chr18:77630061-77630561	88.0	86.0	91.6	88.0	78.5	88.3	89.1	81.0	89.6	85.3	80.2	83.2	47.3	62.0
chr19:10221313-10221813	93.0	83.9	90.6	87.7	91.7	81.7	87.4	80.9	88.5	88.4	77.7	84.6	44.7	86.2
chr19:12097572-12098072	94.9	89.6	90.3	92.9	93.4	93.7	93.1	82.4	92.2	90.7	90.2	92.3	38.6	80.2
chr19:814719-815219	85.0	88.0	83.2	90.4	89.7	91.2	87.0	87.8	91.4	93.2	91.6	90.6	55.7	45.7
chr20:62509164-62509664	89.3	90.0	92.3	93.4	93.0	88.5	92.6	81.4	83.4	89.4	90.9	91.5	47.5	85.9
chr20:62570298-62570798	88.0	84.7	92.6	77.6	89.6	84.0	87.8	79.0	87.4	80.5	84.4	88.7	49.5	89.2
chr21:44473340-44473840	69.1	69.3	81.8	76.6	79.8	73.8	72.5	55.9	74.8	78.6	73.6	79.5	21.6	81.2
chr3:128370430-128370930	93.6	89.6	92.5	92.8	95.0	90.6	92.8	86.2	92.7	88.5	90.1	97.2	66.7	79.2
chr3:193586853-193587353	92.4	92.6	91.4	87.5	94.5	89.3	92.8	86.1	89.4	86.6	89.5	88.2	67.8	88.5
chr4:1221444-1221944	86.9	80.9	93.7	89.1	92.0	87.7	92.3	88.0	94.3	81.3	86.7	81.6	34.4	87.3
chr4:170695490-170695990	63.0	71.0	74.2	75.8	74.1	65.5	73.2	65.9	68.7	68.5	65.0	63.9	35.1	66.8
chr4:737925-738425	94.4	93.7	92.8	90.9	93.2	91.3	89.6	87.4	94.0	92.3	93.0	92.7	69.5	40.4
chr5:1481764-1482264	86.2	77.4	91.6	87.3	90.1	87.4	87.5	62.3	92.2	86.0	79.4	66.9	6.1	88.1
chr5:159844497-159844997	93.6	91.9	96.3	94.3	92.6	91.7	96.0	89.4	92.9	91.4	93.3	91.1	75.8	80.9
chr5:176734532-176735032	88.4	74.6	89.4	88.9	84.9	80.5	84.0	67.8	87.7	86.0	87.8	81.6	23.8	66.8
chr5:179499792-179500292	92.8	82.0	90.8	88.3	87.7	87.8	90.1	85.5	88.7	88.1	88.0	88.6	55.4	54.8
chr7:2116368-2116868	93.2	86.4	97.2	96.2	96.8	91.6	95.3	79.1	96.4	94.7	91.8	93.1	1.8	87.8
chr7:2419809-2420309	95.5	93.9	96.1	93.8	93.9	94.6	93.1	89.3	94.2	92.5	90.5	97.2	72.6	89.1
chr8:142222192-142222692	92.9	88.9	94.6	92.9	94.2	92.6	92.4	81.2	90.4	93.5	89.9	95.5	58.5	90.2
chr8:1951246-1951746	92.1	85.0	92.6	85.7	93.0	89.0	87.6	70.0	86.5	91.1	89.9	88.7	41.3	56.7
chr9:128021934-128022434	95.0	89.2	80.0	92.6	87.9	87.8	92.0	77.1	92.9	92.5	95.1	93.0	28.9	90.4
chr9:139725218-139725718	87.6	80.8	87.8	89.1	84.2	82.7	87.5	71.3	89.4	84.3	88.5	83.2	17.8	87.3
chr9:140308895-140309395	90.1	84.4	87.0	78.0	92.4	86.7	84.3	79.0	79.3	82.9	79.7	79.2	33.9	76.6
chr9:140502459-140502959	70.1	65.3	83.0	87.5	81.8	82.3	88.3	75.7	83.2	78.1	86.1	67.5	9.6	81.9
chr1:12251278-12251778	96.5	88.5	93.4	91.3	55.3	84.4	87.8	92.2	88.7	81.8	93.0	93.2	87.2	31.8
chr1:154156269-154156769	92.3	93.3	94.1	90.7	53.4	92.2	93.0	93.8	92.9	90.2	89.5	92.2	90.7	78.7
chr1:182584178-182584678	1.5	1.1	1.3	1.0	33.4	9.1	1.2	0.5	1.7	0.5	0.1	0.0	0.9	1.0
chr1:19180946-19181446	87.3	89.7	89.2	90.7	70.0	92.9	87.5	87.3	86.1	85.8	85.2	88.1	85.9	22.9
chr1:1961547-1962047	89.3	85.2	88.7	88.4	71.0	92.0	87.9	85.7	89.4	88.3	84.2	90.1	91.7	40.6
chr1:22351418-22351918	1.3	0.2	0.9	1.0	50.6	1.0	0.7	2.1	0.5	1.6	0.4	0.8	0.0	0.4
chr1:2716742-2717242	86.1	87.9	89.8	90.0	70.4	83.0	88.7	87.6	89.5	90.8	89.1	89.6	91.7	41.6
chr1:2984276-2984776	5.1	3.0	6.0	5.0	43.8	2.8	5.0	2.1	5.1	11.9	2.9	10.4	1.7	13.8
chr1:31158010-31158510	4.9	3.6	2.3	4.1	26.7	5.5	8.1	8.5	2.2	6.6	6.2	11.9	5.7	1.7
chr1:3310070-3310570	2.0	10.8	0.9	2.8	62.1	2.7	4.4	0.0	1.4	23.0	3.4	5.5	1.7	10.7
chr1:46668822-46669322	4.2	1.3	13.7	2.1	32.4	0.7	1.8	3.0	0.3	0.3	2.1	3.0	0.6	3.0
chr1:7122520-7123020	85.0	80.6	89.3	84.3	63.2	88.5	85.1	84.1	83.4	88.5	83.7	83.1	80.9	29.7
chr1:7724401-7724901	89.4	90.9	92.1	86.8	67.0	92.0	89.8	90.0	87.3	93.9	86.7	89.5	89.5	57.0
chr1:85464086-85464586	16.7	14.5	17.2	14.8	37.2	16.0	14.7	17.6	14.0	16.6	16.0	14.5	11.0	12.5
chr10:100993157-100993657	10.7	13.3	10.8	6.5	66.0	14.7	14.0	11.4	14.2	6.3	12.4	6.1	3.4	48.7
chr10:118369580-118370080	86.9	80.0	76.3	77.3	46.5	78.5	84.9	85.9	84.2	84.3	82.8	89.7	84.0	35.8
chr10:122707011-122707511	88.4	93.9	94.0	93.8	71.1	94.0	93.7	93.2	90.8	95.4	88.2	91.9	91.4	85.4
chr10:133930596-133931096	94.6	93.4	93.9	93.6	71.7	89.4	94.9	96.0	95.1	94.7	92.1	96.3	92.6	70.5
chr10:134610236-134610736	78.9	77.2	81.6	83.4	54.5	84.5	77.2	76.3	81.8	84.6	80.8	86.2	86.1	53.1
chr10:134828985-134829485	83.2	90.1	93.9	87.5	60.6	85.0	90.0	91.1	86.4	90.8	89.6	87.8	95.2	59.8
chr10:134939967-134940467	90.8	91.1	88.1	88.7	65.0	85.1	88.5	91.5	90.3	88.3	91.4	98.2	88.8	51.5
chr10:134999622-135000122	83.3	78.1	88.8	83.0	36.9	86.3	81.5	86.8	76.9	83.3	88.5	91.3	93.7	29.1
chr10:135029239-135029739	82.6	91.4	90.9	91.9	65.9	91.0	89.2	86.6	87.2	92.2	86.4	90.6	93.1	48.5
chr10:45914375-45914875	1.8	0.9	1.1	1.0	54.9	2.3	1.0	0.6	1.0	1.0	0.3	0.7	0.3	2.2
chr11:119227097-119227597	19.7	1.2	0.7	1.0	76.0	0.7	1.2	2.0	1.7	4.9	0.8	1.1	1.8	1.7
chr11:13030331-13030831	12.1	2.4	1.3	2.3	44.6	2.1	2.5	1.1	1.8	14.5	3.3	10.8	1.0	2.6
chr11:62139622-62140122	96.1	96.9	95.6	95.5	70.0	92.3	93.9	92.0	94.6	90.4	94.5	92.1	93.8	89.0
chr12:10264076-10264576	90.5	93.3	96.1	91.5	69.5	88.1	92.4	97.1	91.3	88.6	93.2	93.7	95.5	10.2
chr12:120886548-120887048	94.3	90.7	93.8	93.3	72.3	91.1	94.7	87.3	95.0	89.3	91.2	89.3	90.5	95.2
chr12:132334378-132334878	93.3	92.3	88.5	92.1	73.3	87.8	90.7	90.7	89.4	92.7	91.3	95.1	96.0	62.0
chr12:132845539-132846039	87.5	79.2	82.7	83.9	59.8	80.2	81.9	79.5	81.9	81.2	88.3	86.8	85.9	43.0
chr12:4273820-4274320	6.2	2.2	1.1	2.2	47.0	1.8	1.0	1.6	2.1	0.8	0.5	1.5	1.2	0.7
chr12:5602588-5603088	90.6	88.0	93.4	91.5	60.6	84.0	92.0	94.8	93.4	89.9	88.6	90.9	93.9	92.6
chr12:65218746-65219246	7.5	4.0	3.7	1.6	53.8	3.5	2.7	1.9	1.3	0.9	0.9	0.0	1.6	34.1
chr12:93966964-93967464	10.4	8.9	0.9	2.5	32.0	1.3	4.6	5.8	1.1	4.2	8.3	4.4	0.5	2.5
chr13:114220279-114220779	86.3	87.6	88.2	88.5	61.8	80.4	88.0	86.9	83.8	92.2	81.6	87.9	88.0	77.3
chr13:114497329-114497829	89.7	93.2	95.2	92.3	69.4	89.0	88.1	95.7	93.8	91.5	90.4	93.3	93.6	64.5
chr13:22246760-22247260	12.2	5.7	2.5	4.4	52.5	4.0	11.6	5.4	8.2	6.6	13.3	12.7	4.1	4.2
chr13:28544357-28544857	14.8	4.7	4.3	3.5	40.4	5.0	8.3	4.3	2.1	4.9	6.7	15.8	4.8	21.1
chr13:32605321-32605821	0.1	1.3	0.6	0.4	52.3	0.7	0.3	1.0	1.0	0.2	0.2	0.0	0.0	0.1
chr13:41109490-41109990	95.3	97.4	96.3	96.5	52.3	92.6	93.1	94.8	96.6	96.3	92.0	95.3	96.3	89.7
chr14:105239764-105240264	90.3	87.4	88.2	85.6	49.1	91.3	83.3	88.9	83.9	76.0	91.9	87.7	88.6	85.7
chr14:57855945-57856445	91.0	92.8	87.7	90.1	65.2	89.0	90.8	92.8	93.5	87.3	93.1	90.1	95.3	85.6
chr14:92503999-92504499	94.7	93.2	91.2	93.3	44.4	85.7	94.4	89.4	91.6	92.7	87.5	92.0	92.9	93.2
chr15:102304712-102305212	86.8	87.4	93.8	91.1	70.4	89.0	90.8	88.5	88.5	89.8	90.2	94.4	92.3	65.1
chr15:25960878-25961378	83.7	94.4	87.4	92.4	64.4	94.5	95.2	93.6	88.1	94.8	92.3	91.2	89.2	79.8
chr15:34394815-34395315	82.4	81.7	89.2	79.5	53.0	78.5	83.8	83.5	79.6	80.1	80.9	87.3	82.8	56.1
chr15:90610401-90610901	95.8	95.0	94.1	92.9	53.5	87.0	93.4	95.9	94.5	92.5	94.5	94.1	94.4	93.5
chr16:319618-320118	89.0	84.9	91.9	76.8	45.8	90.6	85.0	92.8	86.2	91.2	88.0	95.0	92.5	41.3
chr16:334298-334798	93.6	93.2	94.1	92.0	42.2	95.3	90.2	93.2	94.3	95.1	94.2	89.3	93.0	72.6
chr16:340582-341082	95.3	95.8	91.8	93.1	63.4	92.4	87.9	94.6	92.7	90.9	93.5	90.6	95.5	90.1
chr16:591068-591568	94.0	95.9	89.0	91.6	57.7	81.5	94.5	97.3	95.2	88.6	94.0	96.0	92.8	90.9
chr16:630464-630964	96.5	95.6	94.3	94.3	43.2	96.2	91.3	90.2	91.4	94.0	91.1	96.1	94.6	90.7
chr16:67197709-67198209	10.3	4.2	4.4	2.4	57.1	19.1	1.6	2.6	3.8	0.9	2.7	0.6	2.4	1.5
chr16:67208209-67208709	5.6	6.5	5.8	2.8	23.8	3.0	2.7	3.7	6.7	3.3	1.8	1.5	0.8	7.9
chr16:67695952-67696452	92.8	95.1	96.5	94.4	70.7	90.9	93.0	92.5	95.9	92.3	94.8	95.8	92.2	92.2
chr16:75263496-75263996	93.6	93.1	94.5	93.6	48.0	91.2	90.7	89.5	89.4	91.1	88.9	89.4	93.9	73.7
chr17:37309999-37310499	0.4	0.5	0.4	0.3	38.5	0.3	0.2	0.3	0.4	0.0	0.0	0.8	0.0	0.0
chr17:40464294-40464794	9.2	9.6	9.7	4.2	39.2	6.9	8.3	7.1	11.6	3.0	0.6	0.0	2.6	4.2
chr17:706320-706820	82.8	89.5	82.6	93.0	38.8	89.8	90.7	82.0	92.3	76.8	78.2	79.7	84.4	71.2
chr17:71431622-71432122	88.5	95.3	96.3	94.2	74.2	92.6	95.3	93.3	94.8	94.5	90.1	92.2	95.1	91.2
chr17:76471297-76471797	85.3	88.2	87.3	83.3	53.8	80.4	82.4	85.6	77.1	90.6	89.3	88.6	91.9	47.4
chr18:20716469-20716969	1.1	2.4	12.5	2.4	43.6	13.3	3.7	3.6	11.7	1.2	12.7	3.1	1.1	15.5
chr18:76487314-76487814	86.8	93.0	94.2	92.9	67.4	84.3	95.0	93.8	91.7	93.8	90.0	91.7	92.6	43.2
chr19:2488288-2488788	13.5	14.2	3.9	7.2	64.1	21.7	8.4	10.9	20.7	10.6	10.1	13.6	8.4	21.5
chr19:36334995-36335495	13.8	10.3	8.5	11.4	45.2	11.6	13.3	15.4	14.1	9.7	18.4	21.5	14.5	4.5
chr19:3825100-3825600	80.4	78.9	79.0	79.9	56.0	82.6	82.6	82.0	85.2	87.7	86.4	86.4	90.4	63.3
chr19:38976440-38976940	88.9	93.6	93.5	91.1	74.5	91.8	94.5	89.9	91.7	92.4	89.2	89.5	94.8	78.6
chr19:3907690-3908190	80.6	86.0	86.9	85.6	67.2	83.7	85.6	83.8	86.7	89.0	85.3	84.7	90.6	28.8
chr19:49253689-49254189	93.7	92.6	96.2	94.8	45.0	96.4	96.0	92.7	88.2	93.8	92.1	91.1	95.4	93.9
chr19:51321268-51321768	5.4	3.3	1.2	0.7	25.5	0.7	3.3	3.1	1.4	3.0	5.0	1.6	1.7	1.8
chr19:54394540-54395040	82.2	86.7	88.1	87.5	64.3	81.5	89.6	90.0	88.5	89.6	88.7	86.6	87.6	36.9
chr19:54982389-54982889	4.7	0.8	0.7	1.2	24.0	3.2	1.7	6.1	1.0	2.0	1.5	1.8	0.9	2.0
chr19:55814068-55814568	89.6	94.6	86.7	93.2	70.4	88.0	92.0	88.5	94.4	88.7	87.6	89.7	92.3	61.5
chr19:8428466-8428966	3.7	3.9	2.8	1.5	22.2	2.6	4.0	1.4	1.9	1.8	3.6	5.5	6.0	1.2
chr19:9204247-9204747	81.2	87.6	86.3	87.0	64.9	84.3	87.7	83.6	84.7	87.4	82.3	83.3	88.6	31.7
chr2:231920292-231920792	95.6	93.7	90.3	93.3	73.3	89.4	93.6	96.2	93.1	93.6	92.0	95.0	95.2	84.8
chr2:65354736-65355236	79.6	90.2	93.3	88.9	46.6	86.2	93.3	87.4	90.8	89.1	92.0	93.9	92.9	74.9
chr20:55841788-55842288	7.3	6.2	3.9	3.6	22.5	1.6	6.7	7.7	7.5	3.4	6.3	4.8	3.4	22.2
chr20:61972862-61973362	92.1	89.5	90.2	87.8	60.7	89.3	89.1	91.4	88.5	94.3	81.1	86.4	94.0	58.8
chr20:62031418-62031918	78.3	89.7	90.8	90.6	55.5	84.0	88.1	90.1	88.0	90.5	89.0	80.6	88.1	45.7
chr20:62045764-62046264	84.3	90.2	90.6	89.6	69.3	88.9	92.8	90.6	88.6	88.8	90.0	92.5	91.5	60.0
chr20:62737214-62737714	85.7	91.8	88.0	89.4	70.9	91.6	89.6	92.8	90.7	95.0	90.4	88.9	94.3	49.3
chr21:46850506-46851006	90.1	79.1	82.0	70.9	30.7	84.8	89.8	79.0	85.3	79.2	87.2	93.2	80.6	31.0
chr21:46861183-46861683	87.2	93.2	89.7	91.1	53.4	93.1	92.7	93.0	94.2	93.4	88.8	86.8	93.1	56.8
chr21:47295974-47296474	85.6	86.9	88.5	87.5	63.5	86.2	86.8	92.4	83.6	89.1	91.0	83.1	88.9	47.3
chr21:9908012-9908512	74.8	80.1	75.6	76.6	58.8	76.7	78.2	80.1	76.5	71.9	76.2	80.0	75.7	56.5
chr22:22006080-22006580	3.6	0.4	0.2	0.6	45.8	0.3	0.3	0.2	0.6	0.4	0.5	2.0	0.5	0.1
chr22:49811998-49812498	84.0	89.4	92.0	87.2	62.9	84.9	89.4	89.3	82.6	92.5	90.2	89.6	92.9	50.8
chr3:128336907-128337407	4.4	3.4	3.7	3.3	23.8	2.7	4.0	5.8	4.6	1.7	2.9	5.2	5.7	41.3
chr3:133464950-133465450	3.4	6.5	12.9	4.3	47.7	11.1	4.1	5.5	11.8	6.2	8.9	11.2	4.8	30.7
chr3:47555806-47556306	84.2	95.6	91.9	93.7	66.9	94.8	93.4	94.5	94.5	91.5	94.0	95.6	90.9	82.2
chr3:50275269-50275769	3.3	1.3	6.5	2.9	29.4	1.3	0.9	1.8	1.2	0.4	0.1	0.8	0.4	1.3
chr4:1166128-1166628	5.5	8.2	1.7	3.3	48.3	3.3	3.9	4.5	5.2	12.3	4.1	5.6	2.8	1.2
chr4:154143433-154143933	1.3	14.7	22.5	1.1	61.6	0.3	3.6	3.0	0.9	0.1	11.8	0.0	1.1	1.7
chr4:85421998-85422498	12.0	17.7	19.5	8.3	63.7	6.6	27.8	12.7	4.9	13.9	13.5	20.0	5.8	24.8
chr4:9784536-9785036	91.5	90.3	93.8	93.6	73.3	90.0	91.7	88.8	89.5	89.6	91.9	89.9	92.3	50.8
chr5:118691402-118691902	0.7	0.6	1.7	1.5	34.2	0.4	0.4	0.9	0.6	0.8	8.9	0.5	1.4	2.9
chr5:1416293-1416793	81.7	85.0	85.3	83.9	54.6	79.4	85.4	86.2	80.2	87.6	79.4	83.9	78.3	33.6
chr5:1702286-1702786	79.6	76.5	90.4	81.5	15.7	64.7	84.4	83.9	81.6	87.6	84.9	83.0	86.8	50.3
chr6:100895508-100896008	35.0	12.2	20.0	7.4	82.1	8.8	19.8	11.6	7.6	10.1	10.9	25.9	8.5	60.4
chr6:100914992-100915492	15.2	8.8	6.5	5.5	73.8	10.4	11.8	9.8	6.3	9.4	10.2	7.1	6.1	41.9
chr6:166140502-166141002	83.0	86.3	86.4	77.3	51.4	84.4	80.2	80.5	75.9	84.9	81.1	75.0	84.2	81.0
chr6:26172534-26173034	1.6	3.9	0.1	4.9	21.8	1.2	1.4	0.9	2.5	7.7	0.2	0.0	0.9	0.3
chr6:3228917-3229417	13.6	1.4	0.8	1.0	30.5	4.7	3.9	1.1	0.9	1.7	0.7	1.2	2.2	0.8
chr6:35698726-35699226	10.2	11.5	15.5	11.7	40.8	7.2	11.8	7.4	9.6	5.0	12.6	5.4	4.6	7.5
chr6:43250672-43251172	87.2	81.8	87.6	83.4	52.3	74.0	78.9	86.3	79.6	83.1	78.5	83.2	82.5	37.0
chr6:710835-711335	0.1	0.7	0.3	0.4	24.1	0.4	0.4	0.0	0.8	1.4	0.2	0.0	0.0	2.6
chr6:83901607-83902107	72.3	91.2	87.6	88.6	38.3	84.1	91.0	91.6	91.5	86.1	91.4	96.2	95.6	35.5
chr7:100167137-100167637	0.6	2.7	2.1	1.9	43.6	9.8	3.6	4.3	3.4	1.9	2.5	4.3	0.8	8.4
chr7:112430481-112430981	13.1	5.8	3.3	4.7	28.1	3.9	3.3	6.2	5.1	2.5	4.6	1.9	1.7	1.0
chr7:128494560-128495060	87.0	89.4	89.4	88.0	68.2	84.5	87.8	93.4	93.6	91.2	88.6	88.3	85.2	55.8
chr7:130021512-130022012	92.8	92.6	96.4	90.2	44.5	92.9	90.9	89.7	85.7	89.6	90.8	91.3	94.1	88.0
chr7:139168481-139168981	8.5	2.9	1.2	3.4	39.2	4.5	2.9	2.7	2.4	6.9	1.1	3.6	0.8	0.5
chr7:150554920-150555420	95.8	94.7	93.2	93.4	71.6	91.2	91.7	91.4	90.5	94.8	88.7	91.9	93.6	59.4
chr7:156814573-156815073	9.2	7.9	10.1	8.1	72.5	10.7	32.8	7.0	3.9	6.8	6.3	14.2	5.5	22.1
chr7:158823179-158823679	3.4	2.2	2.4	3.8	43.9	3.0	2.9	8.7	3.8	5.0	6.2	7.6	1.1	1.4
chr7:2739969-2740469	95.2	94.0	92.2	91.8	69.7	90.1	93.4	92.6	89.0	88.1	95.1	93.5	95.4	71.5
chr7:34118464-34118964	88.8	85.8	85.7	91.4	65.0	85.0	90.3	91.7	88.9	92.0	88.8	93.4	83.3	63.8
chr7:97841863-97842363	95.4	90.8	89.0	90.3	53.0	87.4	88.8	86.6	88.0	91.7	89.5	90.5	87.1	74.9
chr7:99595207-99595707	2.5	6.6	2.7	1.9	38.2	7.1	7.4	1.7	3.9	3.6	6.4	6.6	1.0	1.3
chr8:1151326-1151826	87.1	89.2	93.1	90.1	70.5	88.2	88.7	94.1	86.7	88.7	91.2	91.3	94.8	59.2
chr8:1304839-1305339	84.4	88.0	83.3	84.9	67.3	84.2	86.1	89.1	84.1	91.2	85.3	88.7	89.2	59.9
chr8:144852778-144853278	17.2	8.9	2.7	6.2	44.7	8.1	11.3	13.2	6.8	6.6	11.3	17.0	2.0	34.3
chr8:145685890-145686390	88.1	91.3	88.8	87.7	47.8	86.4	89.0	86.1	86.1	73.1	89.2	92.7	87.3	84.4
chr8:6664078-6664578	87.9	95.9	89.4	91.5	68.6	93.6	94.6	94.0	95.6	93.2	89.1	90.2	91.9	66.0
chr9:132436925-132437425	89.1	88.1	83.2	88.1	66.2	93.6	92.3	90.7	89.4	89.5	88.9	86.5	86.2	62.8
chr9:137392049-137392549	88.2	92.0	89.5	92.2	73.1	88.3	90.8	93.9	92.8	91.2	88.8	91.1	94.4	53.4
chr9:137711963-137712463	78.1	90.2	84.8	90.8	57.7	92.4	89.7	89.9	89.6	89.7	82.3	87.7	89.6	45.3
chr9:138591284-138591784	84.4	85.4	82.6	84.5	64.6	85.9	83.1	81.0	84.2	86.2	83.8	80.4	81.5	33.7
chr9:138662498-138662998	89.0	83.0	82.0	86.0	61.6	82.8	83.5	87.8	84.0	89.7	85.4	86.4	84.9	50.7
chr9:138671609-138672109	82.1	81.6	77.0	84.3	44.6	82.0	86.0	88.4	84.7	86.9	81.9	81.0	89.2	56.0
chr9:138678109-138678609	84.9	86.1	85.6	90.8	67.0	87.0	87.7	93.0	90.0	89.9	86.8	91.7	84.1	29.3
chr12:34371628-34372128	8.4	8.0	11.5	31.6	2.8	5.6	9.7	3.8	5.1	12.7	11.0	10.7	9.2	3.1
chr7:63361127-63361627	5.4	2.4	2.4	36.1	0.8	3.4	3.2	1.7	3.4	1.6	9.6	10.3	4.9	2.4
chr7:63386609-63387109	4.1	2.3	3.7	38.0	0.5	3.2	3.3	1.8	2.0	3.0	10.2	11.1	4.2	2.0
chr1:167408513-167409013	13.2	6.0	8.2	12.8	2.1	8.1	10.2	5.3	5.1	3.6	49.7	5.6	3.1	2.1
chr1:173446979-173447479	3.7	3.2	2.6	3.4	1.1	1.5	3.3	1.5	2.0	3.5	25.5	9.5	1.5	0.1
chr1:2121018-2121518	4.4	10.7	5.8	13.6	1.4	11.1	10.1	18.1	4.2	0.6	65.7	19.3	8.5	2.5
chr1:226112143-226112643	10.2	8.9	7.0	12.3	8.3	12.0	8.6	9.6	12.4	5.8	29.2	5.0	5.6	14.8
chr1:41981789-41982289	3.5	3.4	2.1	5.6	2.1	1.4	4.7	1.5	2.5	2.0	23.3	6.3	1.2	1.1
chr1:52608401-52608901	4.2	5.6	3.9	6.0	1.0	3.8	6.1	4.2	1.2	0.4	22.8	9.1	3.1	2.7
chr10:114712116-114712616	1.1	4.2	1.0	2.4	0.6	0.9	2.6	1.1	2.2	2.6	14.1	2.3	2.5	0.7
chr10:80831071-80831571	3.8	5.0	1.1	12.5	3.2	0.8	11.3	1.2	14.9	6.3	48.3	0.0	0.0	51.8
chr10:89621273-89621773	6.1	7.8	6.5	13.4	4.6	4.8	9.2	8.6	4.8	9.3	35.2	3.7	1.6	15.4
chr11:3181575-3182075	9.0	4.5	1.6	3.9	0.6	0.4	3.7	1.2	0.4	0.2	26.5	1.6	0.8	1.5
chr11:33757977-33758477	3.2	5.0	2.6	9.0	1.5	1.1	5.4	4.0	1.0	1.2	30.1	9.4	0.0	0.4
chr11:33796393-33796893	8.9	5.5	2.5	6.4	1.3	3.1	2.8	6.4	4.9	5.4	22.5	4.5	7.4	4.0
chr11:70245289-70245789	4.8	2.9	2.2	2.7	0.9	2.9	2.9	2.4	2.1	1.9	21.3	2.3	6.2	1.6
chr12:9216829-9217329	2.5	2.3	1.5	4.5	0.7	1.0	2.4	2.3	1.2	0.3	11.6	1.0	2.7	0.1
chr13:31019861-31020361	20.7	6.0	3.8	13.2	6.2	6.5	8.8	2.5	4.2	13.6	59.1	0.3	3.2	1.9
chr13:41363936-41364436	2.5	5.4	1.8	5.5	1.7	4.6	3.1	4.4	2.5	0.9	25.2	3.8	2.5	0.9
chr13:42615679-42616179	7.0	6.4	4.8	10.6	3.0	1.3	11.4	6.5	1.7	2.0	47.9	10.1	4.2	1.4
chr14:100773321-100773821	3.6	2.2	1.4	2.5	5.8	5.0	2.9	1.4	1.5	1.7	22.8	4.1	0.4	7.7
chr14:104094552-104095052	7.0	4.8	3.7	7.6	6.4	5.8	6.5	3.3	4.2	4.6	33.8	15.3	2.6	8.3
chr14:39735303-39735803	4.6	3.6	1.1	3.9	1.0	1.7	4.1	2.5	1.3	0.7	22.8	1.3	0.0	9.9
chr15:31689485-31689985	7.5	9.4	7.2	12.5	0.4	17.7	11.8	7.4	1.6	8.8	75.7	7.7	0.6	2.5
chr15:90455563-90456063	2.4	5.0	2.8	5.4	0.3	1.5	4.3	3.8	0.6	0.1	19.9	4.2	4.6	0.2
chr16:30817295-30817795	4.8	8.5	3.5	9.2	2.9	4.5	7.7	9.6	3.9	3.2	47.3	10.0	3.0	18.2
chr16:30959631-30960131	3.9	4.8	3.8	4.8	1.8	1.2	4.5	1.2	1.7	0.3	37.2	6.8	2.9	1.8
chr17:56401729-56402229	6.6	6.6	7.0	11.3	3.2	2.2	10.7	3.2	1.8	0.3	59.6	1.3	1.2	36.3
chr17:72208475-72208975	7.2	2.6	3.1	3.3	6.0	1.2	2.1	2.5	3.6	3.4	20.9	3.5	0.0	8.5
chr17:80084541-80085041	90.9	82.7	88.8	76.2	87.6	87.9	81.1	84.2	89.4	80.8	8.2	64.3	77.9	84.3
chr19:14358136-14358636	19.0	27.6	21.7	30.1	15.6	18.0	16.9	14.0	17.8	11.5	63.5	19.8	16.0	27.9
chr19:42830244-42830744	2.9	5.8	2.2	4.4	1.7	2.7	3.9	7.1	3.1	0.5	17.2	4.7	5.0	19.1
chr2:112944812-112945312	97.3	96.4	98.3	90.4	95.1	96.6	96.3	96.7	97.6	93.6	62.9	94.8	94.5	94.2
chr2:113956844-113957344	2.9	5.2	4.4	13.4	1.7	9.4	7.7	8.6	4.0	0.4	37.8	6.1	5.7	0.3
chr2:159824355-159824855	14.8	4.6	1.8	3.6	0.8	3.3	3.8	0.7	1.2	0.6	34.3	1.7	0.8	0.7
chr2:173941415-173941915	2.1	5.1	1.8	2.4	2.7	2.3	6.8	0.7	1.1	9.4	24.8	0.7	0.5	0.4
chr2:202644888-202645388	4.9	4.0	3.4	4.7	1.4	1.5	5.1	3.0	2.0	0.6	15.0	5.0	1.6	1.0
chr2:237476812-237477312	2.1	5.7	4.4	2.7	2.1	0.8	6.9	5.9	1.2	6.1	40.7	2.4	0.8	1.1
chr2:65086305-65086805	4.8	13.0	3.7	15.6	4.7	5.6	13.5	13.3	4.4	16.4	54.6	16.9	4.6	3.3
chr20:17549629-17550129	2.9	2.0	1.1	4.1	1.4	1.0	3.6	4.9	0.6	0.1	17.9	4.1	1.2	0.1
chr20:36155023-36155523	4.3	3.1	1.4	6.3	2.1	1.0	4.2	1.0	0.9	0.8	22.5	2.9	1.0	4.3
chr21:45381017-45381517	91.9	92.4	92.7	90.0	90.7	90.8	91.7	92.9	91.6	91.3	71.0	90.7	96.4	94.7
chr22:30639730-30640230	94.3	90.5	93.0	91.4	90.3	98.2	92.0	96.0	93.2	96.3	55.3	89.9	92.6	89.5
chr3:101567608-101568108	2.1	6.5	2.8	7.3	2.5	4.0	6.1	7.4	4.3	4.9	19.1	4.5	5.0	0.1
chr3:31576803-31577303	83.5	84.0	83.2	79.6	94.1	92.8	69.9	78.2	92.0	92.0	13.8	71.4	80.2	59.3
chr4:111119963-111120463	0.9	3.5	1.9	4.7	4.5	2.8	3.8	1.2	2.4	0.9	21.1	0.0	1.0	4.0
chr5:180614658-180615158	15.8	4.3	6.5	5.0	5.5	5.9	9.2	8.0	4.1	6.9	33.7	7.1	6.9	0.9
chr5:43000344-43000844	17.4	12.4	7.9	14.7	6.2	11.1	14.5	21.5	6.5	9.0	64.1	23.4	7.7	6.6
chr5:60626006-60626506	6.2	6.4	2.8	5.4	1.3	4.2	6.2	3.8	2.6	3.4	23.9	9.3	8.4	0.9
chr6:134496940-134497440	3.5	4.3	10.2	5.5	0.5	3.3	4.0	2.7	5.4	1.5	24.9	0.9	0.0	3.6
chr6:143999655-144000155	4.5	4.4	1.9	2.0	1.4	2.5	6.3	5.4	2.2	0.8	40.5	6.6	0.0	0.4
chr6:28351123-28351623	3.2	8.7	3.6	8.6	1.6	2.6	12.2	2.5	3.8	5.7	31.5	6.5	1.3	8.2
chr6:37504039-37504539	20.4	9.3	3.5	11.1	10.4	10.6	16.8	5.8	9.3	6.5	52.1	4.5	2.8	26.8
chr6:42421511-42422011	10.3	6.4	3.8	9.7	2.1	2.9	6.2	5.2	3.0	2.0	35.5	5.7	2.0	3.6
chr7:150037460-150037960	12.2	16.3	3.5	15.3	10.4	9.1	12.9	11.7	12.1	12.9	46.0	20.9	13.6	14.3
chr7:73894816-73895316	21.4	11.4	13.2	9.7	7.2	4.5	10.5	11.1	10.1	7.9	52.6	9.2	4.7	31.4
chr8:124170540-124171040	2.6	3.1	2.1	3.3	0.9	3.1	3.6	2.7	0.9	1.1	20.7	2.4	1.8	0.5
chr8:145064920-145065420	3.1	2.8	2.2	4.8	5.7	3.6	6.0	2.4	6.2	1.0	16.6	2.4	4.0	4.0
chr8:28244185-28244685	2.9	4.6	2.4	4.2	0.9	4.1	3.6	7.1	3.1	3.9	15.7	4.7	3.9	2.6
chr9:19229724-19230224	2.8	5.6	4.6	5.7	1.7	4.4	4.8	2.7	3.0	0.3	27.2	2.9	0.6	1.0
